   34.8112  -36.7333         0         0         0         0         0         0         0   -9.8100         0         0
   37.7333   34.8112         0         0         0         0         0         0         0         0         0         0
         0         0   34.8112  -36.7333         0         0         0    9.8100         0         0         0         0
         0         0   37.7333   34.8112         0         0         0         0         0         0         0         0
         0         0         0         0   11.9341   -5.8444         0         0         0         0         0         0
         0         0         0         0    6.8444   11.9341         0         0         0         0         0         0
         0         0         0         0         0         0  132.3322         0         0         0         0         0
         0         0         0         0         0         0    1.0000  132.3322         0         0         0         0
         0         0         0         0         0         0         0         0   72.0085         0         0         0
         0         0         0         0         0         0         0         0    1.0000    6.5748         0         0
         0         0         0         0         0         0         0         0         0         0    6.5748         0
         0         0         0         0         0         0         0         0         0         0    1.0000   12.1702
