21556000	0.0473514
21560000	0.0475455
21564000	0.0475455
21568000	0.047543
21572000	0.047543
21576000	0.0475468
21580000	0.0475468
21584000	0.0475394
21588000	0.0475394
21592000	0.0475724
21596000	0.0475724
21600000	0.0475138
21604000	0.0475138
21608000	0.047444
21612000	0.047444
21616000	0.0474068
21620000	0.0474068
21624000	0.047369
21628000	0.047369
21632000	0.0473036
21636000	0.0473036
21640000	0.0472532
21644000	0.0472532
21648000	0.0471623
21652000	0.0471623
21656000	0.0470634
21660000	0.0470634
21664000	0.0469847
21668000	0.0469847
21672000	0.0468865
21676000	0.0468865
21680000	0.0468256
21684000	0.0468256
21688000	0.0467636
21692000	0.0467636
21696000	0.0467128
21700000	0.0467128
21704000	0.0466212
21708000	0.0466212
21712000	0.0465474
21716000	0.0465474
21720000	0.0464652
21724000	0.0464652
21728000	0.046363
21732000	0.046363
21736000	0.0463124
21740000	0.0463124
21744000	0.0462608
21748000	0.0462608
21752000	0.0462051
21756000	0.0462051
21760000	0.0461142
21764000	0.0461142
21768000	0.0460572
21772000	0.0460572
21776000	0.0460121
21780000	0.0460121
21784000	0.04599
21788000	0.04599
21792000	0.0458983
21796000	0.0458983
21800000	0.0458308
21804000	0.0458308
21808000	0.0457431
21812000	0.0457431
21816000	0.0456871
21820000	0.0456871
21824000	0.0456342
21828000	0.0456342
21832000	0.0455488
21836000	0.0455488
21840000	0.0454671
21844000	0.0454671
21848000	0.0453954
21852000	0.0453954
21856000	0.0453216
21860000	0.0453216
21864000	0.0452424
21868000	0.0452424
21872000	0.045146
21876000	0.045146
21880000	0.0450794
21884000	0.0450794
21888000	0.0449861
21892000	0.0449861
21896000	0.0449059
21900000	0.0449059
21904000	0.0448479
21908000	0.0448479
21912000	0.0447771
21916000	0.0447771
21920000	0.0447127
21924000	0.0447127
21928000	0.0446155
21932000	0.0446155
21936000	0.0445521
21940000	0.0445521
21944000	0.0444742
21948000	0.0444742
21952000	0.0444246
21956000	0.0444246
21960000	0.0443417
21964000	0.0443417
21968000	0.0442644
21972000	0.0442644
21976000	0.0442018
21980000	0.0442018
21984000	0.0441312
21988000	0.0441312
21992000	0.044049
21996000	0.044049
22000000	0.0439628
22004000	0.0439628
22008000	0.0438999
22012000	0.0438999
22016000	0.0438343
22020000	0.0438343
22024000	0.043759
22028000	0.043759
22032000	0.043682
22036000	0.043682
22040000	0.0436051
22044000	0.0436051
22048000	0.0435217
22052000	0.0435217
22056000	0.043446
22060000	0.043446
22064000	0.0433697
22068000	0.0433697
22072000	0.043313
22076000	0.043313
22080000	0.0432194
22084000	0.0432194
22088000	0.0431453
22092000	0.0431453
22096000	0.0430745
22100000	0.0430745
22104000	0.043008
22108000	0.043008
22112000	0.0429485
22116000	0.0429485
22120000	0.0428748
22124000	0.0428748
22128000	0.0427882
22132000	0.0427882
22136000	0.0427042
22140000	0.0427042
22144000	0.0426209
22148000	0.0426209
22152000	0.0425433
22156000	0.0425433
22160000	0.0424669
22164000	0.0424669
22168000	0.0423939
22172000	0.0423939
22176000	0.042291
22180000	0.042291
22184000	0.0422081
22188000	0.0422081
22192000	0.0421207
22196000	0.0421207
22200000	0.0420452
22204000	0.0420452
22208000	0.0419432
22212000	0.0419432
22216000	0.0418674
22220000	0.0418674
22224000	0.0417747
22228000	0.0417747
22232000	0.0416864
22236000	0.0416864
22240000	0.0416114
22244000	0.0416114
22248000	0.0415365
22252000	0.0415365
22256000	0.0414638
22260000	0.0414638
22264000	0.0413891
22268000	0.0413891
22272000	0.041327
22276000	0.041327
22280000	0.0412487
22284000	0.0412487
22288000	0.0411524
22292000	0.0411524
22296000	0.0410845
22300000	0.0410845
22304000	0.041
22308000	0.041
22312000	0.0409349
22316000	0.0409349
22320000	0.04087
22324000	0.04087
22328000	0.0407985
22332000	0.0407985
22336000	0.0407362
22340000	0.0407362
22344000	0.0406362
22348000	0.0406362
22352000	0.0405593
22356000	0.0405593
22360000	0.040486
22364000	0.040486
22368000	0.0403937
22372000	0.0403937
22376000	0.0403084
22380000	0.0403084
22384000	0.0402508
22388000	0.0402508
22392000	0.0401671
22396000	0.0401671
22400000	0.0400891
22404000	0.0400891
22408000	0.0400222
22412000	0.0400222
22416000	0.0399401
22420000	0.0399401
22424000	0.0398744
22428000	0.0398744
22432000	0.0397795
22436000	0.0397795
22440000	0.0397112
22444000	0.0397112
22448000	0.0396521
22452000	0.0396521
22456000	0.0395879
22460000	0.0395879
22464000	0.0395094
22468000	0.0395094
22472000	0.0394405
22476000	0.0394405
22480000	0.0393634
22484000	0.0393634
22488000	0.0392764
22492000	0.0392764
22496000	0.0392185
22500000	0.0392185
22504000	0.0391497
22508000	0.0391497
22512000	0.0390703
22516000	0.0390703
22520000	0.0390085
22524000	0.0390085
22528000	0.0389391
22532000	0.0389391
22536000	0.0388795
22540000	0.0388795
22544000	0.0387977
22548000	0.0387977
22552000	0.0387419
22556000	0.0387419
22560000	0.0386692
22564000	0.0386692
22568000	0.0385985
22572000	0.0385985
22576000	0.0385322
22580000	0.0385322
22584000	0.0384703
22588000	0.0384703
22592000	0.0384018
22596000	0.0384018
22600000	0.0383398
22604000	0.0383398
22608000	0.0382657
22612000	0.0382657
22616000	0.038192
22620000	0.038192
22624000	0.0381076
22628000	0.0381076
22632000	0.0380358
22636000	0.0380358
22640000	0.0379512
22644000	0.0379512
22648000	0.0378845
22652000	0.0378845
22656000	0.0377979
22660000	0.0377979
22664000	0.0377194
22668000	0.0377194
22672000	0.0376395
22676000	0.0376395
22680000	0.0375671
22684000	0.0375671
22688000	0.0374949
22692000	0.0374949
22696000	0.0374144
22700000	0.0374144
22704000	0.0373445
22708000	0.0373445
22712000	0.0372526
22716000	0.0372526
22720000	0.0371865
22724000	0.0371865
22728000	0.0371064
22732000	0.0371064
22736000	0.0370263
22740000	0.0370263
22744000	0.0369432
22748000	0.0369432
22752000	0.0368716
22756000	0.0368716
22760000	0.0367715
22764000	0.0367715
22768000	0.0366886
22772000	0.0366886
22776000	0.0365956
22780000	0.0365956
22784000	0.0365147
22788000	0.0365147
22792000	0.0364223
22796000	0.0364223
22800000	0.0363496
22804000	0.0363496
22808000	0.0362707
22812000	0.0362707
22816000	0.0361997
22820000	0.0361997
22824000	0.0361012
22828000	0.0361012
22832000	0.0360212
22836000	0.0360212
22840000	0.035941
22844000	0.035941
22848000	0.0358633
22852000	0.0358633
22856000	0.0357866
22860000	0.0357866
22864000	0.0356831
22868000	0.0356831
22872000	0.0355946
22876000	0.0355946
22880000	0.0355019
22884000	0.0355019
22888000	0.0354135
22892000	0.0354135
22896000	0.0353335
22900000	0.0353335
22904000	0.035233
22908000	0.035233
22912000	0.0351359
22916000	0.0351359
22920000	0.0350396
22924000	0.0350396
22928000	0.0349413
22932000	0.0349413
22936000	0.0348461
22940000	0.0348461
22944000	0.0347437
22948000	0.0347437
22952000	0.0346531
22956000	0.0346531
22960000	0.0345619
22964000	0.0345619
22968000	0.0344691
22972000	0.0344691
22976000	0.034372
22980000	0.034372
22984000	0.0342907
22988000	0.0342907
22992000	0.0341898
22996000	0.0341898
23000000	0.0340942
23004000	0.0340942
23008000	0.0339977
23012000	0.0339977
23016000	0.0338985
23020000	0.0338985
23024000	0.0338071
23028000	0.0338071
23032000	0.0337174
23036000	0.0337174
23040000	0.0336148
23044000	0.0336148
23048000	0.0335262
23052000	0.0335262
23056000	0.0334402
23060000	0.0334402
23064000	0.0333444
23068000	0.0333444
23072000	0.0332513
23076000	0.0332513
23080000	0.0331583
23084000	0.0331583
23088000	0.0330581
23092000	0.0330581
23096000	0.0329804
23100000	0.0329804
23104000	0.0328841
23108000	0.0328841
23112000	0.0327681
23116000	0.0327681
23120000	0.0326672
23124000	0.0326672
23128000	0.0325631
23132000	0.0325631
23136000	0.0324559
23140000	0.0324559
23144000	0.0323615
23148000	0.0323615
23152000	0.0322663
23156000	0.0322663
23160000	0.0321738
23164000	0.0321738
23168000	0.032079
23172000	0.032079
23176000	0.0319762
23180000	0.0319762
23184000	0.0318836
23188000	0.0318836
23192000	0.031785
23196000	0.031785
23200000	0.0316814
23204000	0.0316814
23208000	0.0315718
23212000	0.0315718
23216000	0.0314664
23220000	0.0314664
23224000	0.0313663
23228000	0.0313663
23232000	0.0312701
23236000	0.0312701
23240000	0.0311581
23244000	0.0311581
23248000	0.03106
23252000	0.03106
23256000	0.03096
23260000	0.03096
23264000	0.0308539
23268000	0.0308539
23272000	0.0307507
23276000	0.0307507
23280000	0.0306615
23284000	0.0306615
23288000	0.0305527
23292000	0.0305527
23296000	0.0304477
23300000	0.0304477
23304000	0.0303419
23308000	0.0303419
23312000	0.0302327
23316000	0.0302327
23320000	0.0301267
23324000	0.0301267
23328000	0.0300406
23332000	0.0300406
23336000	0.0299284
23340000	0.0299284
23344000	0.0298337
23348000	0.0298337
23352000	0.0297347
23356000	0.0297347
23360000	0.0296346
23364000	0.0296346
23368000	0.0295216
23372000	0.0295216
23376000	0.0294313
23380000	0.0294313
23384000	0.0293293
23388000	0.0293293
23392000	0.0292312
23396000	0.0292312
23400000	0.0291361
23404000	0.0291361
23408000	0.0290337
23412000	0.0290337
23416000	0.0289395
23420000	0.0289395
23424000	0.0288508
23428000	0.0288508
23432000	0.0287315
23436000	0.0287315
23440000	0.0286329
23444000	0.0286329
23448000	0.0285156
23452000	0.0285156
23456000	0.0284064
23460000	0.0284064
23464000	0.0283022
23468000	0.0283022
23472000	0.0282052
23476000	0.0282052
23480000	0.0281111
23484000	0.0281111
23488000	0.0280185
23492000	0.0280185
23496000	0.027906
23500000	0.027906
23504000	0.0278061
23508000	0.0278061
23512000	0.0276903
23516000	0.0276903
23520000	0.0275917
23524000	0.0275917
23528000	0.0274832
23532000	0.0274832
23536000	0.0273871
23540000	0.0273871
23544000	0.0272891
23548000	0.0272891
23552000	0.0271867
23556000	0.0271867
23560000	0.0270929
23564000	0.0270929
23568000	0.0269993
23572000	0.0269993
23576000	0.0269098
23580000	0.0269098
23584000	0.0268172
23588000	0.0268172
23592000	0.0267123
23596000	0.0267123
23600000	0.0266149
23604000	0.0266149
23608000	0.0265155
23612000	0.0265155
23616000	0.0264218
23620000	0.0264218
23624000	0.0263332
23628000	0.0263332
23632000	0.0262286
23636000	0.0262286
23640000	0.0261407
23644000	0.0261407
23648000	0.0260542
23652000	0.0260542
23656000	0.0259579
23660000	0.0259579
23664000	0.0258581
23668000	0.0258581
23672000	0.0257659
23676000	0.0257659
23680000	0.025683
23684000	0.025683
23688000	0.02559
23692000	0.02559
23696000	0.0254976
23700000	0.0254976
23704000	0.025408
23708000	0.025408
23712000	0.0253272
23716000	0.0253272
23720000	0.0252289
23724000	0.0252289
23728000	0.0251575
23732000	0.0251575
23736000	0.0250369
23740000	0.0250369
23744000	0.0249494
23748000	0.0249494
23752000	0.0248473
23756000	0.0248473
23760000	0.024759
23764000	0.024759
23768000	0.0246677
23772000	0.0246677
23776000	0.0245816
23780000	0.0245816
23784000	0.0244824
23788000	0.0244824
23792000	0.0243895
23796000	0.0243895
23800000	0.0242976
23804000	0.0242976
23808000	0.0242
23812000	0.0242
23816000	0.0241085
23820000	0.0241085
23824000	0.0240164
23828000	0.0240164
23832000	0.0239258
23836000	0.0239258
23840000	0.0238407
23844000	0.0238407
23848000	0.0237486
23852000	0.0237486
23856000	0.0236598
23860000	0.0236598
23864000	0.0235695
23868000	0.0235695
23872000	0.023481
23876000	0.023481
23880000	0.0233922
23884000	0.0233922
23888000	0.0232995
23892000	0.0232995
23896000	0.0232036
23900000	0.0232036
23904000	0.0231123
23908000	0.0231123
23912000	0.0230236
23916000	0.0230236
23920000	0.0229329
23924000	0.0229329
23928000	0.0228499
23932000	0.0228499
23936000	0.0227545
23940000	0.0227545
23944000	0.0226743
23948000	0.0226743
23952000	0.0225688
23956000	0.0225688
23960000	0.0224812
23964000	0.0224812
23968000	0.0223903
23972000	0.0223903
23976000	0.0222944
23980000	0.0222944
23984000	0.0222046
23988000	0.0222046
23992000	0.0221329
23996000	0.0221329
24000000	0.0220301
24004000	0.0220301
24008000	0.0219187
24012000	0.0219187
24016000	0.0218242
24020000	0.0218242
24024000	0.0217209
24028000	0.0217209
24032000	0.0216261
24036000	0.0216261
24040000	0.021532
24044000	0.021532
24048000	0.0214311
24052000	0.0214311
24056000	0.0213387
24060000	0.0213387
24064000	0.0212376
24068000	0.0212376
24072000	0.0211409
24076000	0.0211409
24080000	0.0210525
24084000	0.0210525
24088000	0.0209578
24092000	0.0209578
24096000	0.0208639
24100000	0.0208639
24104000	0.0207705
24108000	0.0207705
24112000	0.0206777
24116000	0.0206777
24120000	0.0205855
24124000	0.0205855
24128000	0.0204942
24132000	0.0204942
24136000	0.0204054
24140000	0.0204054
24144000	0.0203214
24148000	0.0203214
24152000	0.0202176
24156000	0.0202176
24160000	0.020144
24164000	0.020144
24168000	0.0200511
24172000	0.0200511
24176000	0.0199555
24180000	0.0199555
24184000	0.0198811
24188000	0.0198811
24192000	0.019784
24196000	0.019784
24200000	0.0196887
24204000	0.0196887
24208000	0.0196024
24212000	0.0196024
24216000	0.019514
24220000	0.019514
24224000	0.0194285
24228000	0.0194285
24232000	0.0193353
24236000	0.0193353
24240000	0.019242
24244000	0.019242
24248000	0.019153
24252000	0.019153
24256000	0.0190653
24260000	0.0190653
24264000	0.0189741
24268000	0.0189741
24272000	0.0188975
24276000	0.0188975
24280000	0.0187958
24284000	0.0187958
24288000	0.0187149
24292000	0.0187149
24296000	0.0186294
24300000	0.0186294
24304000	0.0185567
24308000	0.0185567
24312000	0.0184617
24316000	0.0184617
24320000	0.018376
24324000	0.018376
24328000	0.0182922
24332000	0.0182922
24336000	0.0182069
24340000	0.0182069
24344000	0.018126
24348000	0.018126
24352000	0.0180383
24356000	0.0180383
24360000	0.0179632
24364000	0.0179632
24368000	0.017869
24372000	0.017869
24376000	0.0177839
24380000	0.0177839
24384000	0.0177004
24388000	0.0177004
24392000	0.017616
24396000	0.017616
24400000	0.0175352
24404000	0.0175352
24408000	0.017458
24412000	0.017458
24416000	0.0173786
24420000	0.0173786
24424000	0.0172907
24428000	0.0172907
24432000	0.0172129
24436000	0.0172129
24440000	0.0171451
24444000	0.0171451
24448000	0.0170561
24452000	0.0170561
24456000	0.016975
24460000	0.016975
24464000	0.0169001
24468000	0.0169001
24472000	0.0168186
24476000	0.0168186
24480000	0.0167417
24484000	0.0167417
24488000	0.0166713
24492000	0.0166713
24496000	0.0166019
24500000	0.0166019
24504000	0.0165181
24508000	0.0165181
24512000	0.0164456
24516000	0.0164456
24520000	0.0163727
24524000	0.0163727
24528000	0.0162955
24532000	0.0162955
24536000	0.0162002
24540000	0.0162002
24544000	0.0161208
24548000	0.0161208
24552000	0.0160409
24556000	0.0160409
24560000	0.0159577
24564000	0.0159577
24568000	0.0159042
24572000	0.0159042
24576000	0.0158096
24580000	0.0158096
24584000	0.015731
24588000	0.015731
24592000	0.0156566
24596000	0.0156566
24600000	0.0155784
24604000	0.0155784
24608000	0.0154972
24612000	0.0154972
24616000	0.0154305
24620000	0.0154305
24624000	0.0153466
24628000	0.0153466
24632000	0.0152672
24636000	0.0152672
24640000	0.0151953
24644000	0.0151953
24648000	0.0151199
24652000	0.0151199
24656000	0.0150389
24660000	0.0150389
24664000	0.014955
24668000	0.014955
24672000	0.0148778
24676000	0.0148778
24680000	0.0147997
24684000	0.0147997
24688000	0.0147219
24692000	0.0147219
24696000	0.0146476
24700000	0.0146476
24704000	0.0145687
24708000	0.0145687
24712000	0.0144913
24716000	0.0144913
24720000	0.0144118
24724000	0.0144118
24728000	0.0143338
24732000	0.0143338
24736000	0.0142586
24740000	0.0142586
24744000	0.0141834
24748000	0.0141834
24752000	0.0141281
24756000	0.0141281
24760000	0.0140545
24764000	0.0140545
24768000	0.013954
24772000	0.013954
24776000	0.0138788
24780000	0.0138788
24784000	0.0138147
24788000	0.0138147
24792000	0.01373
24796000	0.01373
24800000	0.0136586
24804000	0.0136586
24808000	0.0135896
24812000	0.0135896
24816000	0.013507
24820000	0.013507
24824000	0.0134338
24828000	0.0134338
24832000	0.0133666
24836000	0.0133666
24840000	0.0132846
24844000	0.0132846
24848000	0.0132149
24852000	0.0132149
24856000	0.0131453
24860000	0.0131453
24864000	0.0130748
24868000	0.0130748
24872000	0.0130135
24876000	0.0130135
24880000	0.0129364
24884000	0.0129364
24888000	0.0128826
24892000	0.0128826
24896000	0.0128022
24900000	0.0128022
24904000	0.0127413
24908000	0.0127413
24912000	0.012674
24916000	0.012674
24920000	0.012618
24924000	0.012618
24928000	0.0125527
24932000	0.0125527
24936000	0.0124881
24940000	0.0124881
24944000	0.0124165
24948000	0.0124165
24952000	0.0123622
24956000	0.0123622
24960000	0.0122792
24964000	0.0122792
24968000	0.0122165
24972000	0.0122165
24976000	0.0121453
24980000	0.0121453
24984000	0.0120772
24988000	0.0120772
24992000	0.0120198
24996000	0.0120198
25000000	0.0119417
25004000	0.0119417
25008000	0.0118801
25012000	0.0118801
25016000	0.0118181
25020000	0.0118181
25024000	0.0117451
25028000	0.0117451
25032000	0.0116856
25036000	0.0116856
25040000	0.0116095
25044000	0.0116095
25048000	0.0115423
25052000	0.0115423
25056000	0.0114751
25060000	0.0114751
25064000	0.0114146
25068000	0.0114146
25072000	0.0113484
25076000	0.0113484
25080000	0.0112773
25084000	0.0112773
25088000	0.0111983
25092000	0.0111983
25096000	0.0111282
25100000	0.0111282
25104000	0.011059
25108000	0.011059
25112000	0.0109954
25116000	0.0109954
25120000	0.0109295
25124000	0.0109295
25128000	0.0108627
25132000	0.0108627
25136000	0.0107975
25140000	0.0107975
25144000	0.0107354
25148000	0.0107354
25152000	0.0106615
25156000	0.0106615
25160000	0.0105969
25164000	0.0105969
25168000	0.0105309
25172000	0.0105309
25176000	0.0104731
25180000	0.0104731
25184000	0.0104028
25188000	0.0104028
25192000	0.0103429
25196000	0.0103429
25200000	0.0102826
25204000	0.0102826
25208000	0.0102192
25212000	0.0102192
25216000	0.0101616
25220000	0.0101616
25224000	0.010113
25228000	0.010113
25232000	0.0100453
25236000	0.0100453
25240000	0.0100045
25244000	0.0100045
25248000	0.00993957
25252000	0.00993957
25256000	0.00988168
25260000	0.00988168
25264000	0.00983194
25268000	0.00983194
25272000	0.00974497
25276000	0.00974497
25280000	0.00968366
25284000	0.00968366
25288000	0.00961907
25292000	0.00961907
25296000	0.00955971
25300000	0.00955971
25304000	0.00951285
25308000	0.00951285
25312000	0.00945484
25316000	0.00945484
25320000	0.00939478
25324000	0.00939478
25328000	0.0093282
25332000	0.0093282
25336000	0.00926833
25340000	0.00926833
25344000	0.0092178
25348000	0.0092178
25352000	0.00915673
25356000	0.00915673
25360000	0.00911318
25364000	0.00911318
25368000	0.00905446
25372000	0.00905446
25376000	0.00898942
25380000	0.00898942
25384000	0.00893762
25388000	0.00893762
25392000	0.00887822
25396000	0.00887822
25400000	0.00881952
25404000	0.00881952
25408000	0.00877225
25412000	0.00877225
25416000	0.00870976
25420000	0.00870976
25424000	0.00867535
25428000	0.00867535
25432000	0.00861067
25436000	0.00861067
25440000	0.00855016
25444000	0.00855016
25448000	0.00850964
25452000	0.00850964
25456000	0.00844558
25460000	0.00844558
25464000	0.00839703
25468000	0.00839703
25472000	0.00835106
25476000	0.00835106
25480000	0.00828999
25484000	0.00828999
25488000	0.00823608
25492000	0.00823608
25496000	0.00819441
25500000	0.00819441
25504000	0.00813794
25508000	0.00813794
25512000	0.00808829
25516000	0.00808829
25520000	0.00803472
25524000	0.00803472
25528000	0.00799653
25532000	0.00799653
25536000	0.00794172
25540000	0.00794172
25544000	0.00789297
25548000	0.00789297
25552000	0.00783672
25556000	0.00783672
25560000	0.00778713
25564000	0.00778713
25568000	0.00773944
25572000	0.00773944
25576000	0.00769471
25580000	0.00769471
25584000	0.00762664
25588000	0.00762664
25592000	0.00757687
25596000	0.00757687
25600000	0.00752876
25604000	0.00752876
25608000	0.00747447
25612000	0.00747447
25616000	0.00742485
25620000	0.00742485
25624000	0.00737185
25628000	0.00737185
25632000	0.00732086
25636000	0.00732086
25640000	0.00727361
25644000	0.00727361
25648000	0.00723008
25652000	0.00723008
25656000	0.00718306
25660000	0.00718306
25664000	0.00712824
25668000	0.00712824
25672000	0.00708591
25676000	0.00708591
25680000	0.00704765
25684000	0.00704765
25688000	0.00698697
25692000	0.00698697
25696000	0.00694188
25700000	0.00694188
25704000	0.00689559
25708000	0.00689559
25712000	0.0068482
25716000	0.0068482
25720000	0.00679974
25724000	0.00679974
25728000	0.00675141
25732000	0.00675141
25736000	0.00672533
25740000	0.00672533
25744000	0.00665649
25748000	0.00665649
25752000	0.00661027
25756000	0.00661027
25760000	0.00656312
25764000	0.00656312
25768000	0.00652263
25772000	0.00652263
25776000	0.0064747
25780000	0.0064747
25784000	0.00644021
25788000	0.00644021
25792000	0.00639187
25796000	0.00639187
25800000	0.00633917
25804000	0.00633917
25808000	0.00629299
25812000	0.00629299
25816000	0.00624216
25820000	0.00624216
25824000	0.00619969
25828000	0.00619969
25832000	0.00616297
25836000	0.00616297
25840000	0.00610983
25844000	0.00610983
25848000	0.00606842
25852000	0.00606842
25856000	0.00602586
25860000	0.00602586
25864000	0.00598163
25868000	0.00598163
25872000	0.00594981
25876000	0.00594981
25880000	0.0059024
25884000	0.0059024
25888000	0.0058691
25892000	0.0058691
25896000	0.00580777
25900000	0.00580777
25904000	0.00578206
25908000	0.00578206
25912000	0.00572397
25916000	0.00572397
25920000	0.00568464
25924000	0.00568464
25928000	0.0056332
25932000	0.0056332
25936000	0.00559094
25940000	0.00559094
25944000	0.0055468
25948000	0.0055468
25952000	0.00551394
25956000	0.00551394
25960000	0.00547629
25964000	0.00547629
25968000	0.0054302
25972000	0.0054302
25976000	0.00538843
25980000	0.00538843
25984000	0.00535285
25988000	0.00535285
25992000	0.00531292
25996000	0.00531292
26000000	0.00527282
26004000	0.00527282
26008000	0.00524255
26012000	0.00524255
26016000	0.00520737
26020000	0.00520737
26024000	0.00516081
26028000	0.00516081
26032000	0.00514039
26036000	0.00514039
26040000	0.00508525
26044000	0.00508525
26048000	0.00504779
26052000	0.00504779
26056000	0.00501334
26060000	0.00501334
26064000	0.0049743
26068000	0.0049743
26072000	0.00494207
26076000	0.00494207
26080000	0.00490354
26084000	0.00490354
26088000	0.00487661
26092000	0.00487661
26096000	0.00483919
26100000	0.00483919
26104000	0.00481041
26108000	0.00481041
26112000	0.0047712
26116000	0.0047712
26120000	0.00473938
26124000	0.00473938
26128000	0.00471023
26132000	0.00471023
26136000	0.00466364
26140000	0.00466364
26144000	0.00463359
26148000	0.00463359
26152000	0.00459944
26156000	0.00459944
26160000	0.00457021
26164000	0.00457021
26168000	0.00452735
26172000	0.00452735
26176000	0.00449407
26180000	0.00449407
26184000	0.00445955
26188000	0.00445955
26192000	0.00442485
26196000	0.00442485
26200000	0.00438837
26204000	0.00438837
26208000	0.00435719
26212000	0.00435719
26216000	0.00433596
26220000	0.00433596
26224000	0.0043086
26228000	0.0043086
26232000	0.00426966
26236000	0.00426966
26240000	0.0042383
26244000	0.0042383
26248000	0.00420282
26252000	0.00420282
26256000	0.0041672
26260000	0.0041672
26264000	0.0041386
26268000	0.0041386
26272000	0.004118
26276000	0.004118
26280000	0.00408929
26284000	0.00408929
26288000	0.00405181
26292000	0.00405181
26296000	0.00402234
26300000	0.00402234
26304000	0.00399635
26308000	0.00399635
26312000	0.0039645
26316000	0.0039645
26320000	0.00393489
26324000	0.00393489
26328000	0.00390804
26332000	0.00390804
26336000	0.00387176
26340000	0.00387176
26344000	0.00384823
26348000	0.00384823
26352000	0.00381589
26356000	0.00381589
26360000	0.00378786
26364000	0.00378786
26368000	0.00376375
26372000	0.00376375
26376000	0.00372811
26380000	0.00372811
26384000	0.00370097
26388000	0.00370097
26392000	0.00368012
26396000	0.00368012
26400000	0.00364974
26404000	0.00364974
26408000	0.00362204
26412000	0.00362204
26416000	0.0036131
26420000	0.0036131
26424000	0.00357107
26428000	0.00357107
26432000	0.00355217
26436000	0.00355217
26440000	0.00352248
26444000	0.00352248
26448000	0.00350607
26452000	0.00350607
26456000	0.00347034
26460000	0.00347034
26464000	0.0034484
26468000	0.0034484
26472000	0.00342093
26476000	0.00342093
26480000	0.003393
26484000	0.003393
26488000	0.00337322
26492000	0.00337322
26496000	0.00334052
26500000	0.00334052
26504000	0.00331664
26508000	0.00331664
26512000	0.00329117
26516000	0.00329117
26520000	0.00326627
26524000	0.00326627
26528000	0.00324151
26532000	0.00324151
26536000	0.00321685
26540000	0.00321685
26544000	0.00319296
26548000	0.00319296
26552000	0.00316189
26556000	0.00316189
26560000	0.0031407
26564000	0.0031407
26568000	0.00311015
26572000	0.00311015
26576000	0.00309138
26580000	0.00309138
26584000	0.00306939
26588000	0.00306939
26592000	0.0030479
26596000	0.0030479
26600000	0.00302532
26604000	0.00302532
26608000	0.00300755
26612000	0.00300755
26616000	0.00298963
26620000	0.00298963
26624000	0.0029668
26628000	0.0029668
26632000	0.00293709
26636000	0.00293709
26640000	0.00291568
26644000	0.00291568
26648000	0.00289712
26652000	0.00289712
26656000	0.0028732
26660000	0.0028732
26664000	0.00284638
26668000	0.00284638
26672000	0.00282364
26676000	0.00282364
26680000	0.00280603
26684000	0.00280603
26688000	0.00277984
26692000	0.00277984
26696000	0.00275542
26700000	0.00275542
26704000	0.00274904
26708000	0.00274904
26712000	0.00271758
26716000	0.00271758
26720000	0.00270246
26724000	0.00270246
26728000	0.00267162
26732000	0.00267162
26736000	0.00265068
26740000	0.00265068
26744000	0.00263833
26748000	0.00263833
26752000	0.0026099
26756000	0.0026099
26760000	0.0025884
26764000	0.0025884
26768000	0.00256981
26772000	0.00256981
26776000	0.00253951
26780000	0.00253951
26784000	0.00253097
26788000	0.00253097
26792000	0.00250952
26796000	0.00250952
26800000	0.00248745
26804000	0.00248745
26808000	0.00246833
26812000	0.00246833
26816000	0.00245215
26820000	0.00245215
26824000	0.00243089
26828000	0.00243089
26832000	0.00242358
26836000	0.00242358
26840000	0.00240412
26844000	0.00240412
26848000	0.00237658
26852000	0.00237658
26856000	0.00235726
26860000	0.00235726
26864000	0.00233793
26868000	0.00233793
26872000	0.00232563
26876000	0.00232563
26880000	0.0023106
26884000	0.0023106
26888000	0.0022949
26892000	0.0022949
26896000	0.00227993
26900000	0.00227993
26904000	0.00226164
26908000	0.00226164
26912000	0.00223537
26916000	0.00223537
26920000	0.00221989
26924000	0.00221989
26928000	0.00219968
26932000	0.00219968
26936000	0.00218795
26940000	0.00218795
26944000	0.00216918
26948000	0.00216918
26952000	0.0021467
26956000	0.0021467
26960000	0.00213916
26964000	0.00213916
26968000	0.00212642
26972000	0.00212642
26976000	0.00209721
26980000	0.00209721
26984000	0.00208809
26988000	0.00208809
26992000	0.00206656
26996000	0.00206656
27000000	0.00204848
27004000	0.00204848
27008000	0.00204138
27012000	0.00204138
27016000	0.00201534
27020000	0.00201534
27024000	0.00199814
27028000	0.00199814
27032000	0.00198211
27036000	0.00198211
27040000	0.00196831
27044000	0.00196831
27048000	0.00195172
27052000	0.00195172
27056000	0.00193833
27060000	0.00193833
27064000	0.00193682
27068000	0.00193682
27072000	0.00191234
27076000	0.00191234
27080000	0.00189803
27084000	0.00189803
27088000	0.00187829
27092000	0.00187829
27096000	0.00187259
27100000	0.00187259
27104000	0.00185556
27108000	0.00185556
27112000	0.00183491
27116000	0.00183491
27120000	0.0018157
27124000	0.0018157
27128000	0.00180092
27132000	0.00180092
27136000	0.00179215
27140000	0.00179215
27144000	0.00177743
27148000	0.00177743
27152000	0.00175797
27156000	0.00175797
27160000	0.00175035
27164000	0.00175035
27168000	0.00172498
27172000	0.00172498
27176000	0.00171122
27180000	0.00171122
27184000	0.00170011
27188000	0.00170011
27192000	0.00168995
27196000	0.00168995
27200000	0.00167451
27204000	0.00167451
27208000	0.00166373
27212000	0.00166373
27216000	0.0016544
27220000	0.0016544
27224000	0.00164347
27228000	0.00164347
27232000	0.00164231
27236000	0.00164231
27240000	0.00161017
27244000	0.00161017
27248000	0.00159089
27252000	0.00159089
27256000	0.00159547
27260000	0.00159547
27264000	0.00157863
27268000	0.00157863
27272000	0.00157496
27276000	0.00157496
27280000	0.00156203
27284000	0.00156203
27288000	0.00153944
27292000	0.00153944
27296000	0.00151955
27300000	0.00151955
27304000	0.00150705
27308000	0.00150705
27312000	0.00149141
27316000	0.00149141
27320000	0.00147906
27324000	0.00147906
27328000	0.00146027
27332000	0.00146027
27336000	0.00145554
27340000	0.00145554
27344000	0.00144138
27348000	0.00144138
27352000	0.00144055
27356000	0.00144055
27360000	0.00141807
27364000	0.00141807
27368000	0.00140519
27372000	0.00140519
27376000	0.00139179
27380000	0.00139179
27384000	0.00137744
27388000	0.00137744
27392000	0.00136585
27396000	0.00136585
27400000	0.00135042
27404000	0.00135042
27408000	0.00132949
27412000	0.00132949
27416000	0.0013205
27420000	0.0013205
27424000	0.00130922
27428000	0.00130922
27432000	0.00129296
27436000	0.00129296
27440000	0.00128464
27444000	0.00128464
27448000	0.00128701
27452000	0.00128701
27456000	0.00126527
27460000	0.00126527
27464000	0.00126053
27468000	0.00126053
27472000	0.0012432
27476000	0.0012432
27480000	0.00123474
27484000	0.00123474
27488000	0.00122142
27492000	0.00122142
27496000	0.00120644
27500000	0.00120644
27504000	0.00119192
27508000	0.00119192
27512000	0.00118429
27516000	0.00118429
27520000	0.00118023
27524000	0.00118023
27528000	0.00116644
27532000	0.00116644
27536000	0.00115196
27540000	0.00115196
27544000	0.00113988
27548000	0.00113988
27552000	0.00112508
27556000	0.00112508
27560000	0.00112374
27564000	0.00112374
27568000	0.00110735
27572000	0.00110735
27576000	0.00110061
27580000	0.00110061
27584000	0.00109601
27588000	0.00109601
27592000	0.00108462
27596000	0.00108462
27600000	0.0010763
27604000	0.0010763
27608000	0.00106982
27612000	0.00106982
27616000	0.00106201
27620000	0.00106201
27624000	0.00105164
27628000	0.00105164
27632000	0.00103639
27636000	0.00103639
27640000	0.00103284
27644000	0.00103284
27648000	0.00101647
27652000	0.00101647
27656000	0.00101121
27660000	0.00101121
27664000	0.00100446
27668000	0.00100446
27672000	0.000997537
27676000	0.000997537
27680000	0.000993546
27684000	0.000993546
27688000	0.000978739
27692000	0.000978739
27696000	0.000966895
27700000	0.000966895
27704000	0.000970481
27708000	0.000970481
27712000	0.000944017
27716000	0.000944017
27720000	0.000936417
27724000	0.000936417
27728000	0.000929826
27732000	0.000929826
27736000	0.000924418
27740000	0.000924418
27744000	0.000916368
27748000	0.000916368
27752000	0.000910996
27756000	0.000910996
27760000	0.000895247
27764000	0.000895247
27768000	0.000889986
27772000	0.000889986
27776000	0.000881604
27780000	0.000881604
27784000	0.000872346
27788000	0.000872346
27792000	0.000870178
27796000	0.000870178
27800000	0.000861003
27804000	0.000861003
27808000	0.000861108
27812000	0.000861108
27816000	0.000842469
27820000	0.000842469
27824000	0.000829038
27828000	0.000829038
27832000	0.000820903
27836000	0.000820903
27840000	0.000813011
27844000	0.000813011
27848000	0.0008148
27852000	0.0008148
27856000	0.000803478
27860000	0.000803478
27864000	0.000806521
27868000	0.000806521
27872000	0.000792486
27876000	0.000792486
27880000	0.000799782
27884000	0.000799782
27888000	0.000784244
27892000	0.000784244
27896000	0.000780876
27900000	0.000780876
27904000	0.000773752
27908000	0.000773752
27912000	0.000762764
27916000	0.000762764
27920000	0.000758265
27924000	0.000758265
27928000	0.000749751
27932000	0.000749751
27936000	0.000744729
27940000	0.000744729
27944000	0.000749724
27948000	0.000749724
27952000	0.000734167
27956000	0.000734167
27960000	0.000734359
27964000	0.000734359
27968000	0.000725974
27972000	0.000725974
27976000	0.00071358
27980000	0.00071358
27984000	0.000703979
27988000	0.000703979
27992000	0.000696679
27996000	0.000696679
28000000	0.000697404
28004000	0.000697404
28008000	0.000695378
28012000	0.000695378
28016000	0.000702767
28020000	0.000702767
28024000	0.000694317
28028000	0.000694317
28032000	0.000687225
28036000	0.000687225
28040000	0.000685581
28044000	0.000685581
28048000	0.000680818
28052000	0.000680818
28056000	0.000676163
28060000	0.000676163
28064000	0.000670787
28068000	0.000670787
28072000	0.000680058
28076000	0.000680058
28080000	0.000670824
28084000	0.000670824
28088000	0.000655111
28092000	0.000655111
28096000	0.000654875
28100000	0.000654875
28104000	0.000652599
28108000	0.000652599
28112000	0.00065674
28116000	0.00065674
28120000	0.000643243
28124000	0.000643243
28128000	0.00063552
28132000	0.00063552
28136000	0.000633976
28140000	0.000633976
28144000	0.00063594
28148000	0.00063594
28152000	0.000625765
28156000	0.000625765
28160000	0.000626046
28164000	0.000626046
28168000	0.000617662
28172000	0.000617662
28176000	0.000618755
28180000	0.000618755
28184000	0.000608589
28188000	0.000608589
28192000	0.000612626
28196000	0.000612626
28200000	0.000601018
28204000	0.000601018
28208000	0.000596749
28212000	0.000596749
28216000	0.000589729
28220000	0.000589729
28224000	0.000586982
28228000	0.000586982
28232000	0.000588569
28236000	0.000588569
28240000	0.000578461
28244000	0.000578461
28248000	0.000578104
28252000	0.000578104
28256000	0.000579281
28260000	0.000579281
28264000	0.000579472
28268000	0.000579472
28272000	0.000572848
28276000	0.000572848
28280000	0.000560754
28284000	0.000560754
28288000	0.000561621
28292000	0.000561621
28296000	0.000570801
28300000	0.000570801
28304000	0.000548173
28308000	0.000548173
28312000	0.000545476
28316000	0.000545476
28320000	0.000545476
28324000	0.000543071
28328000	0.000553824
28332000	0.000553824
28336000	0.000538477
28340000	0.000538477
28344000	0.000535351
28348000	0.000535351
28352000	0.000528501
28356000	0.000528501
28360000	0.000528722
28364000	0.000528722
28368000	0.000535109
28372000	0.000535109
28376000	0.000518314
28380000	0.000518314
28384000	0.000517889
28388000	0.000517889
28392000	0.000523514
28396000	0.000523514
28400000	0.000514854
28404000	0.000514854
28408000	0.000512717
28412000	0.000512717
28416000	0.000500699
28420000	0.000500699
28424000	0.000492596
28428000	0.000492596
28432000	0.000492941
28436000	0.000492941
28440000	0.000494356
28444000	0.000494356
28448000	0.00048981
28452000	0.00048981
28456000	0.000486601
28460000	0.000486601
28464000	0.000483722
28468000	0.000483722
28472000	0.000487512
28476000	0.000487512
28480000	0.000488347
28484000	0.000488347
28488000	0.000475751
28492000	0.000475751
28496000	0.000483392
28500000	0.000483392
28504000	0.000478359
28508000	0.000478359
28512000	0.000476284
28516000	0.000476284
28520000	0.000479241
28524000	0.000479241
28528000	0.000475565
28532000	0.000475565
28536000	0.000486163
28540000	0.000486163
28544000	0.000483403
28548000	0.000483403
28552000	0.000478369
28556000	0.000478369
28560000	0.000471332
28564000	0.000471332
28568000	0.000485743
28572000	0.000485743
28576000	0.000476038
28580000	0.000476038
28584000	0.000476294
28588000	0.000476294
28592000	0.000474719
28596000	0.000474719
28600000	0.000475155
28604000	0.000475155
28608000	0.000483895
28612000	0.000483895
28616000	0.000486776
28620000	0.000486776
28624000	0.000478158
28628000	0.000478158
28632000	0.000480673
28636000	0.000480673
28640000	0.000471385
28644000	0.000471385
28648000	0.000469938
28652000	0.000469938
28656000	0.000474015
28660000	0.000474015
28664000	0.000478113
28668000	0.000478113
28672000	0.000480102
28676000	0.000480102
28680000	0.000480677
28684000	0.000480677
28688000	0.00048309
28692000	0.00048309
28696000	0.000483318
28700000	0.000483318
28704000	0.000485773
28708000	0.000485773
28712000	0.000485975
28716000	0.000485975
28720000	0.000484758
28724000	0.000484758
28728000	0.000487589
28732000	0.000487589
28736000	0.000503381
28740000	0.000503381
28744000	0.000494139
28748000	0.000494139
28752000	0.000496756
28756000	0.000496756
28760000	0.000498266
28764000	0.000498266
28768000	0.000498772
28772000	0.000498772
28776000	0.000497785
28780000	0.000497785
28784000	0.000500441
28788000	0.000500441
28792000	0.000503525
28796000	0.000503525
28800000	0.000501683
28804000	0.000501683
28808000	0.000501578
28812000	0.000501578
28816000	0.000505595
28820000	0.000505595
28824000	0.000504466
28828000	0.000504466
28832000	0.000503133
28836000	0.000503133
28840000	0.000507065
28844000	0.000507065
28848000	0.000501622
28852000	0.000501622
28856000	0.000501436
28860000	0.000501436
28864000	0.000504189
28868000	0.000504189
28872000	0.000507622
28876000	0.000507622
28880000	0.000510918
28884000	0.000510918
28888000	0.000519966
28892000	0.000519966
28896000	0.000512461
28900000	0.000512461
28904000	0.000516106
28908000	0.000516106
28912000	0.000524288
28916000	0.000524288
28920000	0.000521537
28924000	0.000521537
28928000	0.000526545
28932000	0.000526545
28936000	0.000525052
28940000	0.000525052
28944000	0.000534936
28948000	0.000534936
28952000	0.000534906
28956000	0.000534906
28960000	0.000528845
28964000	0.000528845
28968000	0.000539705
28972000	0.000539705
28976000	0.000525881
28980000	0.000525881
28984000	0.000523874
28988000	0.000523874
28992000	0.000530011
28996000	0.000530011
29000000	0.000531984
29004000	0.000531984
29008000	0.000532585
29012000	0.000532585
29016000	0.000530111
29020000	0.000530111
29024000	0.000540103
29028000	0.000540103
29032000	0.000543548
29036000	0.000543548
29040000	0.000545211
29044000	0.000545211
29048000	0.000545422
29052000	0.000545422
29056000	0.000556243
29060000	0.000556243
29064000	0.000549933
29068000	0.000549933
29072000	0.000560115
29076000	0.000560115
29080000	0.000552984
29084000	0.000552984
29088000	0.000561412
29092000	0.000561412
29096000	0.000561522
29100000	0.000561522
29104000	0.000556912
29108000	0.000556912
29112000	0.000567312
29116000	0.000567312
29120000	0.000562617
29124000	0.000562617
29128000	0.000569535
29132000	0.000569535
29136000	0.000581645
29140000	0.000581645
29144000	0.000580766
29148000	0.000580766
29152000	0.000583571
29156000	0.000583571
29160000	0.000590124
29164000	0.000590124
29168000	0.000589664
29172000	0.000589664
29176000	0.000593225
29180000	0.000593225
29184000	0.000597044
29188000	0.000597044
29192000	0.000601744
29196000	0.000601744
29200000	0.000605777
29204000	0.000605777
29208000	0.000603666
29212000	0.000603666
29216000	0.000610092
29220000	0.000610092
29224000	0.000598674
29228000	0.000598674
29232000	0.00060465
29236000	0.00060465
29240000	0.000612613
29244000	0.000612613
29248000	0.000603204
29252000	0.000603204
29256000	0.000613326
29260000	0.000613326
29264000	0.000623704
29268000	0.000623704
29272000	0.000609561
29276000	0.000609561
29280000	0.000618331
29284000	0.000618331
29288000	0.00061994
29292000	0.00061994
29296000	0.000628293
29300000	0.000628293
29304000	0.000618966
29308000	0.000618966
29312000	0.000623746
29316000	0.000623746
29320000	0.000622476
29324000	0.000622476
29328000	0.000626975
29332000	0.000626975
29336000	0.000627465
29340000	0.000627465
29344000	0.000629465
29348000	0.000629465
29352000	0.000629752
29356000	0.000629752
29360000	0.000634879
29364000	0.000634879
29368000	0.000637884
29372000	0.000637884
29376000	0.000642972
29380000	0.000642972
29384000	0.000644638
29388000	0.000644638
29392000	0.000648942
29396000	0.000648942
29400000	0.000645805
29404000	0.000645805
29408000	0.000653601
29412000	0.000653601
29416000	0.000655034
29420000	0.000655034
29424000	0.000658689
29428000	0.000658689
29432000	0.000660379
29436000	0.000660379
29440000	0.000658186
29444000	0.000658186
29448000	0.000661551
29452000	0.000661551
29456000	0.000668745
29460000	0.000668745
29464000	0.000669027
29468000	0.000669027
29472000	0.000668456
29476000	0.000668456
29480000	0.000659343
29484000	0.000659343
29488000	0.000660576
29492000	0.000660576
29496000	0.000668797
29500000	0.000668797
29504000	0.000671569
29508000	0.000671569
29512000	0.000674881
29516000	0.000674881
29520000	0.000673832
29524000	0.000673832
29528000	0.000673987
29532000	0.000673987
29536000	0.000681119
29540000	0.000681119
29544000	0.000675553
29548000	0.000675553
29552000	0.000678441
29556000	0.000678441
29560000	0.000689642
29564000	0.000689642
29568000	0.000683284
29572000	0.000683284
29576000	0.000688445
29580000	0.000688445
29584000	0.000692722
29588000	0.000692722
29592000	0.000689279
29596000	0.000689279
29600000	0.000690769
29604000	0.000690769
29608000	0.000705911
29612000	0.000705911
29616000	0.000701564
29620000	0.000701564
29624000	0.000698467
29628000	0.000698467
29632000	0.000700278
29636000	0.000700278
29640000	0.000699738
29644000	0.000699738
29648000	0.000707051
29652000	0.000707051
29656000	0.000711696
29660000	0.000711696
29664000	0.000714944
29668000	0.000714944
29672000	0.000715375
29676000	0.000715375
29680000	0.000719077
29684000	0.000719077
29688000	0.000730881
29692000	0.000730881
29696000	0.00072018
29700000	0.00072018
29704000	0.000710509
29708000	0.000710509
29712000	0.000718827
29716000	0.000718827
29720000	0.000735519
29724000	0.000735519
29728000	0.000723958
29732000	0.000723958
29736000	0.000723114
29740000	0.000723114
29744000	0.000729312
29748000	0.000729312
29752000	0.000735617
29756000	0.000735617
29760000	0.000738871
29764000	0.000738871
29768000	0.000729762
29772000	0.000729762
29776000	0.000733531
29780000	0.000733531
29784000	0.000748186
29788000	0.000748186
29792000	0.000733613
29796000	0.000733613
29800000	0.000735409
29804000	0.000735409
29808000	0.000742223
29812000	0.000742223
29816000	0.000760451
29820000	0.000760451
29824000	0.000773544
29828000	0.000773544
29832000	0.000756085
29836000	0.000756085
29840000	0.000760211
29844000	0.000760211
29848000	0.000757705
29852000	0.000757705
29856000	0.000758761
29860000	0.000758761
29864000	0.000779534
29868000	0.000779534
29872000	0.000768957
29876000	0.000768957
29880000	0.000776159
29884000	0.000776159
29888000	0.00077895
29892000	0.00077895
29896000	0.000772548
29900000	0.000772548
29904000	0.00077323
29908000	0.00077323
29912000	0.000777292
29916000	0.000777292
29920000	0.000776264
29924000	0.000776264
29928000	0.000784871
29932000	0.000784871
29936000	0.000795639
29940000	0.000795639
29944000	0.000783624
29948000	0.000783624
29952000	0.000781823
29956000	0.000781823
29960000	0.000780634
29964000	0.000780634
29968000	0.000781915
29972000	0.000781915
29976000	0.000782148
29980000	0.000782148
29984000	0.000785315
29988000	0.000785315
29992000	0.000785699
29996000	0.000785699
30000000	0.000789921
30004000	0.000789921
30008000	0.000787068
30012000	0.000787068
30016000	0.000796213
30020000	0.000796213
30024000	0.000816213
30028000	0.000816213
30032000	0.000791442
30036000	0.000791442
30040000	0.000797377
30044000	0.000797377
30048000	0.00080933
30052000	0.00080933
30056000	0.000810619
30060000	0.000810619
30064000	0.000806478
30068000	0.000806478
30072000	0.000821225
30076000	0.000821225
30080000	0.000813098
30084000	0.000813098
30088000	0.000811111
30092000	0.000811111
30096000	0.000809283
30100000	0.000809283
30104000	0.000808594
30108000	0.000808594
30112000	0.000810607
30116000	0.000810607
30120000	0.000809587
30124000	0.000809587
30128000	0.000819676
30132000	0.000819676
30136000	0.000801703
30140000	0.000801703
30144000	0.000798281
30148000	0.000798281
30152000	0.000794826
30156000	0.000794826
30160000	0.000797647
30164000	0.000797647
30168000	0.000800933
30172000	0.000800933
30176000	0.000803239
30180000	0.000803239
30184000	0.000809406
30188000	0.000809406
30192000	0.000805094
30196000	0.000805094
30200000	0.000810994
30204000	0.000810994
30208000	0.000810744
30212000	0.000810744
30216000	0.000809915
30220000	0.000809915
30224000	0.000806414
30228000	0.000806414
30232000	0.000805657
30236000	0.000805657
30240000	0.000808721
30244000	0.000808721
30248000	0.000808936
30252000	0.000808936
30256000	0.000810292
30260000	0.000810292
30264000	0.000817675
30268000	0.000817675
30272000	0.000811797
30276000	0.000811797
30280000	0.000811593
30284000	0.000811593
30288000	0.000808888
30292000	0.000808888
30296000	0.00083129
30300000	0.00083129
30304000	0.000817155
30308000	0.000817155
30312000	0.00081667
30316000	0.00081667
30320000	0.000818587
30324000	0.000818587
30328000	0.000818445
30332000	0.000818445
30336000	0.000807374
30340000	0.000807374
30344000	0.000805014
30348000	0.000805014
30352000	0.000813573
30356000	0.000813573
30360000	0.000814833
30364000	0.000814833
30368000	0.000803311
30372000	0.000803311
30376000	0.000805592
30380000	0.000805592
30384000	0.000796949
30388000	0.000796949
30392000	0.000796461
30396000	0.000796461
30400000	0.000800446
30404000	0.000800446
30408000	0.000802002
30412000	0.000802002
30416000	0.000807419
30420000	0.000807419
30424000	0.000803003
30428000	0.000803003
30432000	0.000798634
30436000	0.000798634
30440000	0.000799445
30444000	0.000799445
30448000	0.000799036
30452000	0.000799036
30456000	0.00079489
30460000	0.00079489
30464000	0.000805917
30468000	0.000805917
30472000	0.000793047
30476000	0.000793047
30480000	0.000803294
30484000	0.000803294
30488000	0.000805558
30492000	0.000805558
30496000	0.000801867
30500000	0.000801867
30504000	0.000796191
30508000	0.000796191
30512000	0.000796683
30516000	0.000796683
30520000	0.00080059
30524000	0.00080059
30528000	0.000804147
30532000	0.000804147
30536000	0.000795667
30540000	0.000795667
30544000	0.000797196
30548000	0.000797196
30552000	0.000795492
30556000	0.000795492
30560000	0.000796642
30564000	0.000796642
30568000	0.00080347
30572000	0.00080347
30576000	0.000794042
30580000	0.000794042
30584000	0.000793954
30588000	0.000793954
30592000	0.000802329
30596000	0.000802329
30600000	0.000793274
30604000	0.000793274
30608000	0.000805467
30612000	0.000805467
30616000	0.000806005
30620000	0.000806005
30624000	0.000792647
30628000	0.000792647
30632000	0.000797593
30636000	0.000797593
30640000	0.000795801
30644000	0.000795801
30648000	0.000802786
30652000	0.000802786
30656000	0.000795424
30660000	0.000795424
30664000	0.000800709
30668000	0.000800709
30672000	0.000794153
30676000	0.000794153
30680000	0.000798176
30684000	0.000798176
30688000	0.000796061
30692000	0.000796061
30696000	0.000795308
30700000	0.000795308
30704000	0.000794412
30708000	0.000794412
30712000	0.000799857
30716000	0.000799857
30720000	0.000799139
30724000	0.000799139
30728000	0.000796412
30732000	0.000796412
30736000	0.000814722
30740000	0.000814722
30744000	0.000796959
30748000	0.000796959
30752000	0.000794432
30756000	0.000794432
30760000	0.00079106
30764000	0.00079106
30768000	0.000793021
30772000	0.000793021
30776000	0.000789237
30780000	0.000789237
30784000	0.000788936
30788000	0.000788936
30792000	0.00079137
30796000	0.00079137
30800000	0.000797126
30804000	0.000797126
30808000	0.00078869
30812000	0.00078869
30816000	0.000786167
30820000	0.000786167
30824000	0.000791294
30828000	0.000791294
30832000	0.000791371
30836000	0.000791371
30840000	0.000791647
30844000	0.000791647
30848000	0.000785322
30852000	0.000785322
30856000	0.000783867
30860000	0.000783867
30864000	0.000786746
30868000	0.000786746
30872000	0.000780063
30876000	0.000780063
30880000	0.000790052
30884000	0.000790052
30888000	0.00079045
30892000	0.00079045
30896000	0.000786094
30900000	0.000786094
30904000	0.000784926
30908000	0.000784926
30912000	0.000793547
30916000	0.000793547
30920000	0.0007822
30924000	0.0007822
30928000	0.000779618
30932000	0.000779618
30936000	0.000784242
30940000	0.000784242
30944000	0.000786426
30948000	0.000786426
30952000	0.000771427
30956000	0.000771427
30960000	0.000772164
30964000	0.000772164
30968000	0.000768366
30972000	0.000768366
30976000	0.000787638
30980000	0.000787638
30984000	0.000764784
30988000	0.000764784
30992000	0.000776
30996000	0.000776
31000000	0.000775633
31004000	0.000775633
31008000	0.00076562
31012000	0.00076562
31016000	0.000762957
31020000	0.000762957
31024000	0.000764817
31028000	0.000764817
31032000	0.000758794
31036000	0.000758794
31040000	0.000748029
31044000	0.000748029
31048000	0.000751932
31052000	0.000751932
31056000	0.000746598
31060000	0.000746598
31064000	0.000745574
31068000	0.000745574
31072000	0.000750209
31076000	0.000750209
31080000	0.000744003
31084000	0.000744003
31088000	0.000750172
31092000	0.000750172
31096000	0.00074941
31100000	0.00074941
31104000	0.00075411
31108000	0.00075411
31112000	0.000741711
31116000	0.000741711
31120000	0.000737173
31124000	0.000737173
31128000	0.00073273
31132000	0.00073273
31136000	0.000738061
31140000	0.000738061
31144000	0.000733431
31148000	0.000733431
31152000	0.00073341
31156000	0.00073341
31160000	0.000734544
31164000	0.000734544
31168000	0.000729569
31172000	0.000729569
31176000	0.000730384
31180000	0.000730384
31184000	0.000727377
31188000	0.000727377
31192000	0.000727929
31196000	0.000727929
31200000	0.000726636
31204000	0.000726636
31208000	0.000729492
31212000	0.000729492
31216000	0.000736815
31220000	0.000736815
31224000	0.000726207
31228000	0.000726207
31232000	0.000729587
31236000	0.000729587
31240000	0.000735015
31244000	0.000735015
31248000	0.000729183
31252000	0.000729183
31256000	0.000726573
31260000	0.000726573
31264000	0.000726051
31268000	0.000726051
31272000	0.000726465
31276000	0.000726465
31280000	0.000724803
31284000	0.000724803
31288000	0.000727575
31292000	0.000727575
31296000	0.00072458
31300000	0.00072458
31304000	0.00073386
31308000	0.00073386
31312000	0.000738454
31316000	0.000738454
31320000	0.000727707
31324000	0.000727707
31328000	0.000724746
31332000	0.000724746
31336000	0.000725274
31340000	0.000725274
31344000	0.000726846
31348000	0.000726846
31352000	0.000722267
31356000	0.000722267
31360000	0.000728439
31364000	0.000728439
31368000	0.000721014
31372000	0.000721014
31376000	0.000719476
31380000	0.000719476
31384000	0.00071825
31388000	0.00071825
31392000	0.000722186
31396000	0.000722186
31400000	0.000723568
31404000	0.000723568
31408000	0.00071496
31412000	0.00071496
31416000	0.000734124
31420000	0.000734124
31424000	0.000715471
31428000	0.000715471
31432000	0.000715682
31436000	0.000715682
31440000	0.000711978
31444000	0.000711978
31448000	0.000709957
31452000	0.000709957
31456000	0.000710962
31460000	0.000710962
31464000	0.000726712
31468000	0.000726712
31472000	0.000712544
31476000	0.000712544
31480000	0.000706586
31484000	0.000706586
31488000	0.000710444
31492000	0.000710444
31496000	0.000699824
31500000	0.000699824
31504000	0.000710376
31508000	0.000710376
31512000	0.000700316
31516000	0.000700316
31520000	0.000695597
31524000	0.000695597
31528000	0.000699382
31532000	0.000699382
31536000	0.000701429
31540000	0.000701429
31544000	0.000694324
31548000	0.000694324
31552000	0.000696309
31556000	0.000696309
31560000	0.000696628
31564000	0.000696628
31568000	0.000691427
31572000	0.000691427
31576000	0.000689461
31580000	0.000689461
31584000	0.000699027
31588000	0.000699027
31592000	0.000691843
31596000	0.000691843
31600000	0.000709426
31604000	0.000709426
31608000	0.000694377
31612000	0.000694377
31616000	0.000697145
31620000	0.000697145
31624000	0.000689756
31628000	0.000689756
31632000	0.000686977
31636000	0.000686977
31640000	0.000689992
31644000	0.000689992
31648000	0.000688953
31652000	0.000688953
31656000	0.000686165
31660000	0.000686165
31664000	0.000688562
31668000	0.000688562
31672000	0.000685492
31676000	0.000685492
31680000	0.000681659
31684000	0.000681659
31688000	0.000682422
31692000	0.000682422
31696000	0.00068517
31700000	0.00068517
31704000	0.000689293
31708000	0.000689293
31712000	0.000680773
31716000	0.000680773
31720000	0.000677745
31724000	0.000677745
31728000	0.00067842
31732000	0.00067842
31736000	0.000672677
31740000	0.000672677
31744000	0.000692431
31748000	0.000692431
31752000	0.000664483
31756000	0.000664483
31760000	0.000664209
31764000	0.000664209
31768000	0.000662585
31772000	0.000662585
31776000	0.000670897
31780000	0.000670897
31784000	0.000663257
31788000	0.000663257
31792000	0.000660776
31796000	0.000660776
31800000	0.000664376
31804000	0.000664376
31808000	0.000659525
31812000	0.000659525
31816000	0.000661778
31820000	0.000661778
31824000	0.00065339
31828000	0.00065339
31832000	0.000651474
31836000	0.000651474
31840000	0.000652185
31844000	0.000652185
31848000	0.000660737
31852000	0.000660737
31856000	0.000647224
31860000	0.000647224
31864000	0.000647132
31868000	0.000647132
31872000	0.000644507
31876000	0.000644507
31880000	0.00064242
31884000	0.00064242
31888000	0.000642022
31892000	0.000642022
31896000	0.000639077
31900000	0.000639077
31904000	0.000641227
31908000	0.000641227
31912000	0.000642082
31916000	0.000642082
31920000	0.000637911
31924000	0.000637911
31928000	0.000643925
31932000	0.000643925
31936000	0.000658243
31940000	0.000658243
31944000	0.000636691
31948000	0.000636691
31952000	0.000633753
31956000	0.000633753
31960000	0.00063205
31964000	0.00063205
31968000	0.000627518
31972000	0.000627518
31976000	0.000641627
31980000	0.000641627
31984000	0.000633555
31988000	0.000633555
31992000	0.000644134
31996000	0.000644134
32000000	0.000637825
32004000	0.000637825
32008000	0.000636235
32012000	0.000636235
32016000	0.000633252
32020000	0.000633252
32024000	0.000643084
32028000	0.000643084
32032000	0.000621074
32036000	0.000621074
32040000	0.000623558
32044000	0.000623558
32048000	0.000619813
32052000	0.000619813
32056000	0.000619832
32060000	0.000619832
32064000	0.000615801
32068000	0.000615801
32072000	0.000617339
32076000	0.000617339
32080000	0.000627545
32084000	0.000627545
32088000	0.000622262
32092000	0.000622262
32096000	0.000626271
32100000	0.000626271
32104000	0.000614188
32108000	0.000614188
32112000	0.000614588
32116000	0.000614588
32120000	0.000614695
32124000	0.000614695
32128000	0.000615498
32132000	0.000615498
32136000	0.000607979
32140000	0.000607979
32144000	0.000629368
32148000	0.000629368
32152000	0.000610868
32156000	0.000610868
32160000	0.000609758
32164000	0.000609758
32168000	0.000610355
32172000	0.000610355
32176000	0.000608494
32180000	0.000608494
32184000	0.000623266
32188000	0.000623266
32192000	0.000619354
32196000	0.000619354
32200000	0.000611672
32204000	0.000611672
32208000	0.00060984
32212000	0.00060984
32216000	0.000603883
32220000	0.000603883
32224000	0.000620404
32228000	0.000620404
32232000	0.000598932
32236000	0.000598932
32240000	0.000599139
32244000	0.000599139
32248000	0.000602991
32252000	0.000602991
32256000	0.000602373
32260000	0.000602373
32264000	0.000597826
32268000	0.000597826
32272000	0.000603049
32276000	0.000603049
32280000	0.000592324
32284000	0.000592324
32288000	0.000590149
32292000	0.000590149
32296000	0.000588867
32300000	0.000588867
32304000	0.000591333
32308000	0.000591333
32312000	0.000581975
32316000	0.000581975
32320000	0.000580081
32324000	0.000580081
32328000	0.000583055
32332000	0.000583055
32336000	0.000578952
32340000	0.000578952
32344000	0.000574152
32348000	0.000574152
32352000	0.00058262
32356000	0.00058262
32360000	0.000572231
32364000	0.000572231
32368000	0.000588253
32372000	0.000588253
32376000	0.000562789
32380000	0.000562789
32384000	0.000560292
32388000	0.000560292
32392000	0.00055997
32396000	0.00055997
32400000	0.000554184
32404000	0.000554184
32408000	0.00055431
32412000	0.00055431
32416000	0.000545771
32420000	0.000545771
32424000	0.000546296
32428000	0.000546296
32432000	0.000542197
32436000	0.000542197
32440000	0.000541841
32444000	0.000541841
32448000	0.000545306
32452000	0.000545306
32456000	0.00055044
32460000	0.00055044
32464000	0.000534647
32468000	0.000534647
32472000	0.000526374
32476000	0.000526374
32480000	0.000538498
32484000	0.000538498
32488000	0.000533533
32492000	0.000533533
32496000	0.000522379
32500000	0.000522379
32504000	0.000524838
32508000	0.000524838
32512000	0.000518611
32516000	0.000518611
32520000	0.000515591
32524000	0.000515591
32528000	0.000522234
32532000	0.000522234
32536000	0.000512064
32540000	0.000512064
32544000	0.000508996
32548000	0.000508996
32552000	0.00051665
32556000	0.00051665
32560000	0.000501922
32564000	0.000501922
32568000	0.000499434
32572000	0.000499434
32576000	0.00051453
32580000	0.00051453
32584000	0.000509021
32588000	0.000509021
32592000	0.000503882
32596000	0.000503882
32600000	0.000503693
32604000	0.000503693
32608000	0.000495191
32612000	0.000495191
32616000	0.000486478
32620000	0.000486478
32624000	0.00049495
32628000	0.00049495
32632000	0.000480412
32636000	0.000480412
32640000	0.00047778
32644000	0.00047778
32648000	0.000483876
32652000	0.000483876
32656000	0.000478559
32660000	0.000478559
32664000	0.000470926
32668000	0.000470926
32672000	0.000474573
32676000	0.000474573
32680000	0.000466893
32684000	0.000466893
32688000	0.000464851
32692000	0.000464851
32696000	0.000462989
32700000	0.000462989
32704000	0.000485112
32708000	0.000485112
32712000	0.000466861
32716000	0.000466861
32720000	0.000469477
32724000	0.000469477
32728000	0.000464235
32732000	0.000464235
32736000	0.000468466
32740000	0.000468466
32744000	0.000458028
32748000	0.000458028
32752000	0.000453387
32756000	0.000453387
32760000	0.000452922
32764000	0.000452922
32768000	0.0004515
32772000	0.0004515
32776000	0.000449636
32780000	0.000449636
32784000	0.000450684
32788000	0.000450684
32792000	0.000446438
32796000	0.000446438
32800000	0.000462375
32804000	0.000462375
32808000	0.000442034
32812000	0.000442034
32816000	0.000441755
32820000	0.000441755
32824000	0.000444905
32828000	0.000444905
32832000	0.000438143
32836000	0.000438143
32840000	0.000441173
32844000	0.000441173
32848000	0.000432233
32852000	0.000432233
32856000	0.000432427
32860000	0.000432427
32864000	0.000432066
32868000	0.000432066
32872000	0.000425972
32876000	0.000425972
32880000	0.00042433
32884000	0.00042433
32888000	0.000432717
32892000	0.000432717
32896000	0.000426064
32900000	0.000426064
32904000	0.000415864
32908000	0.000415864
32912000	0.000417027
32916000	0.000417027
32920000	0.000410651
32924000	0.000410651
32928000	0.000413362
32932000	0.000413362
32936000	0.000412909
32940000	0.000412909
32944000	0.00043548
32948000	0.00043548
32952000	0.00040441
32956000	0.00040441
32960000	0.000402216
32964000	0.000402216
32968000	0.000404228
32972000	0.000404228
32976000	0.000406727
32980000	0.000406727
32984000	0.000393178
32988000	0.000393178
32992000	0.000398824
32996000	0.000398824
33000000	0.000401486
33004000	0.000401486
33008000	0.000388823
33012000	0.000388823
33016000	0.000389381
33020000	0.000389381
33024000	0.000386864
33028000	0.000386864
33032000	0.000392625
33036000	0.000392625
33040000	0.000382039
33044000	0.000382039
33048000	0.000386882
33052000	0.000386882
33056000	0.000374016
33060000	0.000374016
33064000	0.000378374
33068000	0.000378374
33072000	0.000376165
33076000	0.000376165
33080000	0.000368516
33084000	0.000368516
33088000	0.000379265
33092000	0.000379265
33096000	0.000365415
33100000	0.000365415
33104000	0.000362739
33108000	0.000362739
33112000	0.00036651
33116000	0.00036651
33120000	0.000360101
33124000	0.000360101
33128000	0.000359924
33132000	0.000359924
33136000	0.000360345
33140000	0.000360345
33144000	0.000350562
33148000	0.000350562
33152000	0.000347531
33156000	0.000347531
33160000	0.000345669
33164000	0.000345669
33168000	0.000343384
33172000	0.000343384
33176000	0.000340438
33180000	0.000340438
33184000	0.000343274
33188000	0.000343274
33192000	0.000338951
33196000	0.000338951
33200000	0.00033501
33204000	0.00033501
33208000	0.000342376
33212000	0.000342376
33216000	0.000335953
33220000	0.000335953
33224000	0.000342145
33228000	0.000342145
33232000	0.000328629
33236000	0.000328629
33240000	0.000332522
33244000	0.000332522
33248000	0.000329054
33252000	0.000329054
33256000	0.000324683
33260000	0.000324683
33264000	0.000339766
33268000	0.000339766
33272000	0.000328343
33276000	0.000328343
33280000	0.000325113
33284000	0.000325113
33288000	0.000327785
33292000	0.000327785
33296000	0.000323407
33300000	0.000323407
33304000	0.000315481
33308000	0.000315481
33312000	0.000313569
33316000	0.000313569
33320000	0.000316362
33324000	0.000316362
33328000	0.000317198
33332000	0.000317198
33336000	0.000312299
33340000	0.000312299
33344000	0.000325109
33348000	0.000325109
33352000	0.000306351
33356000	0.000306351
33360000	0.00031173
33364000	0.00031173
33368000	0.000302608
33372000	0.000302608
33376000	0.000305823
33380000	0.000305823
33384000	0.000303822
33388000	0.000303822
33392000	0.000300093
33396000	0.000300093
33400000	0.000295398
33404000	0.000295398
33408000	0.00029601
33412000	0.00029601
33416000	0.000290485
33420000	0.000290485
33424000	0.000293212
33428000	0.000293212
33432000	0.000288733
33436000	0.000288733
33440000	0.000284126
33444000	0.000284126
33448000	0.000288293
33452000	0.000288293
33456000	0.000280825
33460000	0.000280825
33464000	0.000284789
33468000	0.000284789
33472000	0.000277514
33476000	0.000277514
33480000	0.000275043
33484000	0.000275043
33488000	0.000275739
33492000	0.000275739
33496000	0.000275558
33500000	0.000275558
33504000	0.000272493
33508000	0.000272493
33512000	0.000268121
33516000	0.000268121
33520000	0.000277316
33524000	0.000277316
33528000	0.000272832
33532000	0.000272832
33536000	0.000269913
33540000	0.000269913
33544000	0.000263345
33548000	0.000263345
33552000	0.000280017
33556000	0.000280017
33560000	0.000255976
33564000	0.000255976
33568000	0.000258082
33572000	0.000258082
33576000	0.000256584
33580000	0.000256584
33584000	0.000257483
33588000	0.000257483
33592000	0.000250854
33596000	0.000250854
33600000	0.000250376
33604000	0.000250376
33608000	0.000249025
33612000	0.000249025
33616000	0.000243149
33620000	0.000243149
33624000	0.000242758
33628000	0.000242758
33632000	0.000235946
33636000	0.000235946
33640000	0.000239148
33644000	0.000239148
33648000	0.000236536
33652000	0.000236536
33656000	0.000229565
33660000	0.000229565
33664000	0.00022858
33668000	0.00022858
33672000	0.000227952
33676000	0.000227952
33680000	0.000220972
33684000	0.000220972
33688000	0.000223808
33692000	0.000223808
33696000	0.000220058
33700000	0.000220058
33704000	0.000213192
33708000	0.000213192
33712000	0.000216288
33716000	0.000216288
33720000	0.000210329
33724000	0.000210329
33728000	0.000211299
33732000	0.000211299
33736000	0.00021404
33740000	0.00021404
33744000	0.000204624
33748000	0.000204624
33752000	0.000216668
33756000	0.000216668
33760000	0.000211656
33764000	0.000211656
33768000	0.000198844
33772000	0.000198844
33776000	0.000195806
33780000	0.000195806
33784000	0.000197639
33788000	0.000197639
33792000	0.000191616
33796000	0.000191616
33800000	0.000185361
33804000	0.000185361
33808000	0.000184177
33812000	0.000184177
33816000	0.000184284
33820000	0.000184284
33824000	0.000186519
33828000	0.000186519
33832000	0.000189668
33836000	0.000189668
33840000	0.000183808
33844000	0.000183808
33848000	0.000175693
33852000	0.000175693
33856000	0.000179658
33860000	0.000179658
33864000	0.000179899
33868000	0.000179899
33872000	0.000170887
33876000	0.000170887
33880000	0.000174683
33884000	0.000174683
33888000	0.000166237
33892000	0.000166237
33896000	0.000171238
33900000	0.000171238
33904000	0.000168866
33908000	0.000168866
33912000	0.000161021
33916000	0.000161021
33920000	0.000161458
33924000	0.000161458
33928000	0.000162342
33932000	0.000162342
33936000	0.00016711
33940000	0.00016711
33944000	0.000161834
33948000	0.000161834
33952000	0.000173471
33956000	0.000173471
33960000	0.000156799
33964000	0.000156799
33968000	0.000153795
33972000	0.000153795
33976000	0.000156879
33980000	0.000156879
33984000	0.000150888
33988000	0.000150888
33992000	0.000151868
33996000	0.000151868
34000000	0.000149078
34004000	0.000149078
34008000	0.000147048
34012000	0.000147048
34016000	0.000167876
34020000	0.000167876
34024000	0.000145551
34028000	0.000145551
34032000	0.000149609
34036000	0.000149609
34040000	0.000144089
34044000	0.000144089
34048000	0.000142395
34052000	0.000142395
34056000	0.000141814
34060000	0.000141814
34064000	0.000143715
34068000	0.000143715
34072000	0.000139336
34076000	0.000139336
34080000	0.000141415
34084000	0.000141415
34088000	0.000139859
34092000	0.000139859
34096000	0.000141824
34100000	0.000141824
34104000	0.000138172
34108000	0.000138172
34112000	0.000145112
34116000	0.000145112
34120000	0.000134793
34124000	0.000134793
34128000	0.000135409
34132000	0.000135409
34136000	0.000132459
34140000	0.000132459
34144000	0.000135634
34148000	0.000135634
34152000	0.000131512
34156000	0.000131512
34160000	0.000144004
34164000	0.000144004
34168000	0.000132344
34172000	0.000132344
34176000	0.000132163
34180000	0.000132163
34184000	0.000150079
34188000	0.000150079
34192000	0.00013631
34196000	0.00013631
34200000	0.000130338
34204000	0.000130338
34208000	0.000129604
34212000	0.000129604
34216000	0.000127595
34220000	0.000127595
34224000	0.000130423
34228000	0.000130423
34232000	0.000130354
34236000	0.000130354
34240000	0.000132968
34244000	0.000132968
34248000	0.000133697
34252000	0.000133697
34256000	0.00012652
34260000	0.00012652
34264000	0.000123816
34268000	0.000123816
34272000	0.000122206
34276000	0.000122206
34280000	0.000141782
34284000	0.000141782
34288000	0.000127869
34292000	0.000127869
34296000	0.000139802
34300000	0.000139802
34304000	0.000120194
34308000	0.000120194
34312000	0.000123102
34316000	0.000123102
34320000	0.000145066
34324000	0.000145066
34328000	0.000120097
34332000	0.000120097
34336000	0.000120013
34340000	0.000120013
34344000	0.000120679
34348000	0.000120679
34352000	0.00012478
34356000	0.00012478
34360000	0.000125568
34364000	0.000125568
34368000	0.000127658
34372000	0.000127658
34376000	0.000120034
34380000	0.000120034
34384000	0.000118459
34388000	0.000118459
34392000	0.000121951
34396000	0.000121951
34400000	0.000117655
34404000	0.000117655
34408000	0.000117526
34412000	0.000117526
34416000	0.00011702
34420000	0.00011702
34424000	0.000118778
34428000	0.000118778
34432000	0.000118882
34436000	0.000118882
34440000	0.000120159
34444000	0.000120159
34448000	0.000119762
34452000	0.000119762
34456000	0.000112647
34460000	0.000112647
34464000	0.000117354
34468000	0.000117354
34472000	0.000113275
34476000	0.000113275
34480000	0.000111449
34484000	0.000111449
34488000	0.000132076
34492000	0.000132076
34496000	0.000114183
34500000	0.000114183
34504000	0.000114043
34508000	0.000114043
34512000	0.000106071
34516000	0.000106071
34520000	0.000113179
34524000	0.000113179
34528000	0.000106758
34532000	0.000106758
34536000	0.000140282
34540000	0.000140282
34544000	0.000108022
34548000	0.000108022
34552000	0.000122621
34556000	0.000122621
34560000	0.000101827
34564000	0.000101827
34568000	0.000101374
34572000	0.000101374
34576000	0.000102243
34580000	0.000102243
34584000	0.000101075
34588000	0.000101075
34592000	0.000101957
34596000	0.000101957
34600000	9.96472e-05
34604000	9.96472e-05
34608000	0.000101188
34612000	0.000101188
34616000	9.83642e-05
34620000	9.83642e-05
34624000	9.81627e-05
34628000	9.81627e-05
34632000	9.91392e-05
34636000	9.91392e-05
34640000	9.96601e-05
34644000	9.96601e-05
34648000	9.70265e-05
34652000	9.70265e-05
34656000	9.81865e-05
34660000	9.81865e-05
34664000	9.97216e-05
34668000	9.97216e-05
34672000	9.41459e-05
34676000	9.41459e-05
34680000	9.7805e-05
34684000	9.7805e-05
34688000	0.000100703
34692000	0.000100703
34696000	0.00011411
34700000	0.00011411
34704000	9.76963e-05
34708000	9.76963e-05
34712000	9.65738e-05
34716000	9.65738e-05
34720000	9.84439e-05
34724000	9.84439e-05
34728000	9.30355e-05
34732000	9.30355e-05
34736000	9.29445e-05
34740000	9.29445e-05
34744000	9.62436e-05
34748000	9.62436e-05
34752000	9.27446e-05
34756000	9.27446e-05
34760000	9.29804e-05
34764000	9.29804e-05
34768000	9.24757e-05
34772000	9.24757e-05
34776000	9.47149e-05
34780000	9.47149e-05
34784000	9.47661e-05
34788000	9.47661e-05
34792000	9.21359e-05
34796000	9.21359e-05
34800000	9.27512e-05
34804000	9.27512e-05
34808000	9.8501e-05
34812000	9.8501e-05
34816000	9.28577e-05
34820000	9.28577e-05
34824000	9.0941e-05
34828000	9.0941e-05
34832000	9.03776e-05
34836000	9.03776e-05
34840000	0.000103185
34844000	0.000103185
34848000	9.11687e-05
34852000	9.11687e-05
34856000	9.03633e-05
34860000	9.03633e-05
34864000	9.84577e-05
34868000	9.84577e-05
34872000	9.17036e-05
34876000	9.17036e-05
34880000	9.16329e-05
34884000	9.16329e-05
34888000	8.78463e-05
34892000	8.78463e-05
34896000	9.10602e-05
34900000	9.10602e-05
34904000	9.65325e-05
34908000	9.65325e-05
34912000	9.09156e-05
34916000	9.09156e-05
34920000	8.73999e-05
34924000	8.73999e-05
34928000	9.24757e-05
34932000	9.24757e-05
34936000	8.68482e-05
34940000	8.68482e-05
34944000	8.89911e-05
34948000	8.89911e-05
34952000	8.92714e-05
34956000	8.92714e-05
34960000	9.15271e-05
34964000	9.15271e-05
34968000	8.72956e-05
34972000	8.72956e-05
34976000	8.97465e-05
34980000	8.97465e-05
34984000	9.12018e-05
34988000	9.12018e-05
34992000	0.000101594
34996000	0.000101594
35000000	9.22193e-05
35004000	9.22193e-05
35008000	9.17923e-05
35012000	9.17923e-05
35016000	0.00010086
35020000	0.00010086
35024000	9.19728e-05
35028000	9.19728e-05
35032000	8.79949e-05
35036000	8.79949e-05
35040000	8.76571e-05
35044000	8.76571e-05
35048000	9.44697e-05
35052000	9.44697e-05
35056000	9.03758e-05
35060000	9.03758e-05
35064000	8.55078e-05
35068000	8.55078e-05
35072000	9.17737e-05
35076000	9.17737e-05
35080000	8.60879e-05
35084000	8.60879e-05
35088000	9.17595e-05
35092000	9.17595e-05
35096000	8.68327e-05
35100000	8.68327e-05
35104000	8.71129e-05
35108000	8.71129e-05
35112000	9.26646e-05
35116000	9.26646e-05
35120000	9.70685e-05
35124000	9.70685e-05
35128000	9.20696e-05
35132000	9.20696e-05
35136000	8.74933e-05
35140000	8.74933e-05
35144000	8.82692e-05
35148000	8.82692e-05
35152000	8.89152e-05
35156000	8.89152e-05
35160000	9.22658e-05
35164000	9.22658e-05
35168000	8.91006e-05
35172000	8.91006e-05
35176000	8.95339e-05
35180000	8.95339e-05
35184000	9.38147e-05
35188000	9.38147e-05
35192000	0.000105383
35196000	0.000105383
35200000	9.28132e-05
35204000	9.28132e-05
35208000	0.000101555
35212000	0.000101555
35216000	9.33578e-05
35220000	9.33578e-05
35224000	0.000100835
35228000	0.000100835
35232000	0.000104538
35236000	0.000104538
35240000	0.000106629
35244000	0.000106629
35248000	9.81715e-05
35252000	9.81715e-05
35256000	0.000107256
35260000	0.000107256
35264000	9.83418e-05
35268000	9.83418e-05
35272000	9.67268e-05
35276000	9.67268e-05
35280000	0.000100637
35284000	0.000100637
35288000	0.000100984
35292000	0.000100984
35296000	0.000100902
35300000	0.000100902
35304000	0.000101536
35308000	0.000101536
35312000	0.00010413
35316000	0.00010413
35320000	0.000103984
35324000	0.000103984
35328000	0.000104623
35332000	0.000104623
35336000	0.000114557
35340000	0.000114557
35344000	0.000107755
35348000	0.000107755
35352000	0.000105774
35356000	0.000105774
35360000	0.000106425
35364000	0.000106425
35368000	0.000119664
35372000	0.000119664
35376000	0.000118318
35380000	0.000118318
35384000	0.000111003
35388000	0.000111003
35392000	0.000116925
35396000	0.000116925
35400000	0.000117029
35404000	0.000117029
35408000	0.000123872
35412000	0.000123872
35416000	0.000116322
35420000	0.000116322
35424000	0.000121963
35428000	0.000121963
35432000	0.000112278
35436000	0.000112278
35440000	0.000112878
35444000	0.000112878
35448000	0.000124158
35452000	0.000124158
35456000	0.000121678
35460000	0.000121678
35464000	0.000120406
35468000	0.000120406
35472000	0.000114917
35476000	0.000114917
35480000	0.000115649
35484000	0.000115649
35488000	0.000116976
35492000	0.000116976
35496000	0.000123072
35500000	0.000123072
35504000	0.000124557
35508000	0.000124557
35512000	0.000131133
35516000	0.000131133
35520000	0.000123279
35524000	0.000123279
35528000	0.000122043
35532000	0.000122043
35536000	0.000124883
35540000	0.000124883
35544000	0.000125899
35548000	0.000125899
35552000	0.000127589
35556000	0.000127589
35560000	0.00012872
35564000	0.00012872
35568000	0.000130269
35572000	0.000130269
35576000	0.000128297
35580000	0.000128297
35584000	0.000126226
35588000	0.000126226
35592000	0.000127655
35596000	0.000127655
35600000	0.000132247
35604000	0.000132247
35608000	0.000129439
35612000	0.000129439
35616000	0.000133167
35620000	0.000133167
35624000	0.000138727
35628000	0.000138727
35632000	0.000138435
35636000	0.000138435
35640000	0.000150117
35644000	0.000150117
35648000	0.000134813
35652000	0.000134813
35656000	0.000134249
35660000	0.000134249
35664000	0.000142771
35668000	0.000142771
35672000	0.000133324
35676000	0.000133324
35680000	0.000134358
35684000	0.000134358
35688000	0.000134403
35692000	0.000134403
35696000	0.000135962
35700000	0.000135962
35704000	0.000136022
35708000	0.000136022
35712000	0.000134244
35716000	0.000134244
35720000	0.00013549
35724000	0.00013549
35728000	0.000139783
35732000	0.000139783
35736000	0.000135896
35740000	0.000135896
35744000	0.000144959
35748000	0.000144959
35752000	0.000142157
35756000	0.000142157
35760000	0.000132532
35764000	0.000132532
35768000	0.000139992
35772000	0.000139992
35776000	0.000134824
35780000	0.000134824
35784000	0.000135648
35788000	0.000135648
35792000	0.000140313
35796000	0.000140313
35800000	0.000141104
35804000	0.000141104
35808000	0.000132343
35812000	0.000132343
35816000	0.000128278
35820000	0.000128278
35824000	0.000134694
35828000	0.000134694
35832000	0.000133839
35836000	0.000133839
35840000	0.000140381
35844000	0.000140381
35848000	0.000129215
35852000	0.000129215
35856000	0.000128801
35860000	0.000128801
35864000	0.000135353
35868000	0.000135353
35872000	0.000133568
35876000	0.000133568
35880000	0.000162005
35884000	0.000162005
35888000	0.000134314
35892000	0.000134314
35896000	0.000132919
35900000	0.000132919
35904000	0.000132796
35908000	0.000132796
35912000	0.000134739
35916000	0.000134739
35920000	0.000131428
35924000	0.000131428
35928000	0.000134631
35932000	0.000134631
35936000	0.000131627
35940000	0.000131627
35944000	0.000135028
35948000	0.000135028
35952000	0.000148877
35956000	0.000148877
35960000	0.000152336
35964000	0.000152336
35968000	0.000127783
35972000	0.000127783
35976000	0.000131366
35980000	0.000131366
35984000	0.000129208
35988000	0.000129208
35992000	0.000133199
35996000	0.000133199
36000000	0.000130243
36004000	0.000130243
36008000	0.000128323
36012000	0.000128323
36016000	0.000127972
36020000	0.000127972
36024000	0.000136989
36028000	0.000136989
36032000	0.000127687
36036000	0.000127687
36040000	0.000129188
36044000	0.000129188
36048000	0.000130407
36052000	0.000130407
36056000	0.000130294
36060000	0.000130294
36064000	0.00014351
36068000	0.00014351
36072000	0.000134968
36076000	0.000134968
36080000	0.000130697
36084000	0.000130697
36088000	0.000133471
36092000	0.000133471
36096000	0.000144529
36100000	0.000144529
36104000	0.000129164
36108000	0.000129164
36112000	0.000128586
36116000	0.000128586
36120000	0.000128631
36124000	0.000128631
36128000	0.00013542
36132000	0.00013542
36136000	0.000132011
36140000	0.000132011
36144000	0.000128005
36148000	0.000128005
36152000	0.000134523
36156000	0.000134523
36160000	0.000129556
36164000	0.000129556
36168000	0.000130565
36172000	0.000130565
36176000	0.000132163
36180000	0.000132163
36184000	0.000138757
36188000	0.000138757
36192000	0.000140951
36196000	0.000140951
36200000	0.000148684
36204000	0.000148684
36208000	0.000136822
36212000	0.000136822
36216000	0.000129555
36220000	0.000129555
36224000	0.000127618
36228000	0.000127618
36232000	0.000128676
36236000	0.000128676
36240000	0.000131858
36244000	0.000131858
36248000	0.000146092
36252000	0.000146092
36256000	0.00012501
36260000	0.00012501
36264000	0.000127477
36268000	0.000127477
36272000	0.00013774
36276000	0.00013774
36280000	0.000122897
36284000	0.000122897
36288000	0.000141356
36292000	0.000141356
36296000	0.000122128
36300000	0.000122128
36304000	0.000122858
36308000	0.000122858
36312000	0.000133386
36316000	0.000133386
36320000	0.000129268
36324000	0.000129268
36328000	0.000134333
36332000	0.000134333
36336000	0.000121561
36340000	0.000121561
36344000	0.000132744
36348000	0.000132744
36352000	0.000129509
36356000	0.000129509
36360000	0.000125107
36364000	0.000125107
36368000	0.000124506
36372000	0.000124506
36376000	0.00013646
36380000	0.00013646
36384000	0.000127372
36388000	0.000127372
36392000	0.000125783
36396000	0.000125783
36400000	0.000129628
36404000	0.000129628
36408000	0.000124235
36412000	0.000124235
36416000	0.000126909
36420000	0.000126909
36424000	0.000130696
36428000	0.000130696
36432000	0.000137679
36436000	0.000137679
36440000	0.000125794
36444000	0.000125794
36448000	0.000126738
36452000	0.000126738
36456000	0.000131133
36460000	0.000131133
36464000	0.000141308
36468000	0.000141308
36472000	0.000136486
36476000	0.000136486
36480000	0.000129374
36484000	0.000129374
36488000	0.000132447
36492000	0.000132447
36496000	0.000131519
36500000	0.000131519
36504000	0.000128515
36508000	0.000128515
36512000	0.000138741
36516000	0.000138741
36520000	0.000128294
36524000	0.000128294
36528000	0.000129645
36532000	0.000129645
36536000	0.000127205
36540000	0.000127205
36544000	0.00012998
36548000	0.00012998
36552000	0.000129221
36556000	0.000129221
36560000	0.000128058
36564000	0.000128058
36568000	0.000129648
36572000	0.000129648
36576000	0.000133447
36580000	0.000133447
36584000	0.000139043
36588000	0.000139043
36592000	0.000137526
36596000	0.000137526
36600000	0.000136768
36604000	0.000136768
36608000	0.000135207
36612000	0.000135207
36616000	0.0001353
36620000	0.0001353
36624000	0.000135002
36628000	0.000135002
36632000	0.000129568
36636000	0.000129568
36640000	0.000130162
36644000	0.000130162
36648000	0.000139959
36652000	0.000139959
36656000	0.000130928
36660000	0.000130928
36664000	0.000135394
36668000	0.000135394
36672000	0.00012932
36676000	0.00012932
36680000	0.000129888
36684000	0.000129888
36688000	0.000136307
36692000	0.000136307
36696000	0.000145624
36700000	0.000145624
36704000	0.000131754
36708000	0.000131754
36712000	0.000135666
36716000	0.000135666
36720000	0.000136637
36724000	0.000136637
36728000	0.000125855
36732000	0.000125855
36736000	0.000139426
36740000	0.000139426
36744000	0.00013214
36748000	0.00013214
36752000	0.000127185
36756000	0.000127185
36760000	0.00012455
36764000	0.00012455
36768000	0.000124076
36772000	0.000124076
36776000	0.000123714
36780000	0.000123714
36784000	0.000130927
36788000	0.000130927
36792000	0.000124111
36796000	0.000124111
36800000	0.000124408
36804000	0.000124408
36808000	0.000127546
36812000	0.000127546
36816000	0.000133793
36820000	0.000133793
36824000	0.000126183
36828000	0.000126183
36832000	0.000122266
36836000	0.000122266
36840000	0.000124872
36844000	0.000124872
36848000	0.000126081
36852000	0.000126081
36856000	0.000124079
36860000	0.000124079
36864000	0.000127283
36868000	0.000127283
36872000	0.000121846
36876000	0.000121846
36880000	0.000125403
36884000	0.000125403
36888000	0.000121603
36892000	0.000121603
36896000	0.000120388
36900000	0.000120388
36904000	0.000125892
36908000	0.000125892
36912000	0.000118909
36916000	0.000118909
36920000	0.000126481
36924000	0.000126481
36928000	0.000117787
36932000	0.000117787
36936000	0.000120526
36940000	0.000120526
36944000	0.000114993
36948000	0.000114993
36952000	0.000113526
36956000	0.000113526
36960000	0.000111958
36964000	0.000111958
36968000	0.000118333
36972000	0.000118333
36976000	0.000116018
36980000	0.000116018
36984000	0.0001325
36988000	0.0001325
36992000	0.000119926
36996000	0.000119926
37000000	0.000116257
37004000	0.000116257
37008000	0.000116803
37012000	0.000116803
37016000	0.000122781
37020000	0.000122781
37024000	0.000128917
37028000	0.000128917
37032000	0.000116465
37036000	0.000116465
37040000	0.000122625
37044000	0.000122625
37048000	0.000122095
37052000	0.000122095
37056000	0.000119973
37060000	0.000119973
37064000	0.000115324
37068000	0.000115324
37072000	0.000112571
37076000	0.000112571
37080000	0.000113693
37084000	0.000113693
37088000	0.00011511
37092000	0.00011511
37096000	0.000116013
37100000	0.000116013
37104000	0.000115644
37108000	0.000115644
37112000	0.000115464
37116000	0.000115464
37120000	0.000111448
37124000	0.000111448
37128000	0.000116169
37132000	0.000116169
37136000	0.000111283
37140000	0.000111283
37144000	0.00010995
37148000	0.00010995
37152000	0.000112362
37156000	0.000112362
37160000	0.000121815
37164000	0.000121815
37168000	0.000112664
37172000	0.000112664
37176000	0.000112884
37180000	0.000112884
37184000	0.000116132
37188000	0.000116132
37192000	0.000120378
37196000	0.000120378
37200000	0.000112276
37204000	0.000112276
37208000	0.000112838
37212000	0.000112838
37216000	0.000112158
37220000	0.000112158
37224000	0.000111308
37228000	0.000111308
37232000	0.000119804
37236000	0.000119804
37240000	0.000116144
37244000	0.000116144
37248000	0.000120502
37252000	0.000120502
37256000	0.000116612
37260000	0.000116612
37264000	0.000115794
37268000	0.000115794
37272000	0.0001102
37276000	0.0001102
37280000	0.000111567
37284000	0.000111567
37288000	0.000117847
37292000	0.000117847
37296000	0.000110543
37300000	0.000110543
37304000	0.000125929
37308000	0.000125929
37312000	0.000112832
37316000	0.000112832
37320000	0.000115407
37324000	0.000115407
37328000	0.000108074
37332000	0.000108074
37336000	0.000109852
37340000	0.000109852
37344000	0.000119851
37348000	0.000119851
37352000	0.000111714
37356000	0.000111714
37360000	0.000109056
37364000	0.000109056
37368000	0.000111792
37372000	0.000111792
37376000	0.000108348
37380000	0.000108348
37384000	0.000111226
37388000	0.000111226
37392000	0.000109615
37396000	0.000109615
37400000	0.00012729
37404000	0.00012729
37408000	0.000109081
37412000	0.000109081
37416000	0.000114615
37420000	0.000114615
37424000	0.000113745
37428000	0.000113745
37432000	0.000111802
37436000	0.000111802
37440000	0.000130429
37444000	0.000130429
37448000	0.000108817
37452000	0.000108817
37456000	0.000115084
37460000	0.000115084
37464000	0.000119526
37468000	0.000119526
37472000	0.000122329
37476000	0.000122329
37480000	0.000111741
37484000	0.000111741
37488000	0.000102999
37492000	0.000102999
37496000	0.000102743
37500000	0.000102743
37504000	0.000102861
37508000	0.000102861
37512000	0.000115969
37516000	0.000115969
37520000	0.000115378
37524000	0.000115378
37528000	0.000110288
37532000	0.000110288
37536000	0.000104543
37540000	0.000104543
37544000	0.000108987
37548000	0.000108987
37552000	0.000119953
37556000	0.000119953
37560000	0.000106397
37564000	0.000106397
37568000	0.000104905
37572000	0.000104905
37576000	9.78667e-05
37580000	9.78667e-05
37584000	9.87599e-05
37588000	9.87599e-05
37592000	0.000104145
37596000	0.000104145
37600000	9.96727e-05
37604000	9.96727e-05
37608000	0.000101452
37612000	0.000101452
37616000	0.000111067
37620000	0.000111067
37624000	0.000101179
37628000	0.000101179
37632000	9.90621e-05
37636000	9.90621e-05
37640000	0.000109615
37644000	0.000109615
37648000	0.000103743
37652000	0.000103743
37656000	9.68755e-05
37660000	9.68755e-05
37664000	0.000108232
37668000	0.000108232
37672000	9.60382e-05
37676000	9.60382e-05
37680000	9.8384e-05
37684000	9.8384e-05
37688000	9.53923e-05
37692000	9.53923e-05
37696000	9.44688e-05
37700000	9.44688e-05
37704000	9.47461e-05
37708000	9.47461e-05
37712000	9.47123e-05
37716000	9.47123e-05
37720000	9.67857e-05
37724000	9.67857e-05
37728000	9.86587e-05
37732000	9.86587e-05
37736000	0.000100646
37740000	0.000100646
37744000	9.64874e-05
37748000	9.64874e-05
37752000	9.33684e-05
37756000	9.33684e-05
37760000	9.31434e-05
37764000	9.31434e-05
37768000	9.91036e-05
37772000	9.91036e-05
37776000	9.39662e-05
37780000	9.39662e-05
37784000	9.54215e-05
37788000	9.54215e-05
37792000	9.55682e-05
37796000	9.55682e-05
37800000	9.56587e-05
37804000	9.56587e-05
37808000	9.48714e-05
37812000	9.48714e-05
37816000	0.000105143
37820000	0.000105143
37824000	0.000101713
37828000	0.000101713
37832000	9.81767e-05
37836000	9.81767e-05
37840000	9.59983e-05
37844000	9.59983e-05
37848000	0.000105763
37852000	0.000105763
37856000	0.000101217
37860000	0.000101217
37864000	9.31965e-05
37868000	9.31965e-05
37872000	9.1946e-05
37876000	9.1946e-05
37880000	9.38085e-05
37884000	9.38085e-05
37888000	9.3445e-05
37892000	9.3445e-05
37896000	9.57927e-05
37900000	9.57927e-05
37904000	9.10071e-05
37908000	9.10071e-05
37912000	9.27946e-05
37916000	9.27946e-05
37920000	9.3934e-05
37924000	9.3934e-05
37928000	9.20916e-05
37932000	9.20916e-05
37936000	8.99571e-05
37940000	8.99571e-05
37944000	9.4419e-05
37948000	9.4419e-05
37952000	9.11948e-05
37956000	9.11948e-05
37960000	9.26158e-05
37964000	9.26158e-05
37968000	9.36611e-05
37972000	9.36611e-05
37976000	8.76835e-05
37980000	8.76835e-05
37984000	9.6529e-05
37988000	9.6529e-05
37992000	9.27116e-05
37996000	9.27116e-05
38000000	8.99943e-05
38004000	8.99943e-05
38008000	8.72185e-05
38012000	8.72185e-05
38016000	9.05042e-05
38020000	9.05042e-05
38024000	0.000102456
38028000	0.000102456
38032000	9.22539e-05
38036000	9.22539e-05
38040000	9.11675e-05
38044000	9.11675e-05
38048000	9.29502e-05
38052000	9.29502e-05
38056000	9.06137e-05
38060000	9.06137e-05
38064000	8.8904e-05
38068000	8.8904e-05
38072000	0.000117957
38076000	0.000117957
38080000	8.92118e-05
38084000	8.92118e-05
38088000	0.00010023
38092000	0.00010023
38096000	8.88441e-05
38100000	8.88441e-05
38104000	8.974e-05
38108000	8.974e-05
38112000	8.97516e-05
38116000	8.97516e-05
38120000	9.53877e-05
38124000	9.53877e-05
38128000	8.59227e-05
38132000	8.59227e-05
38136000	9.24014e-05
38140000	9.24014e-05
38144000	9.33413e-05
38148000	9.33413e-05
38152000	8.37476e-05
38156000	8.37476e-05
38160000	8.63769e-05
38164000	8.63769e-05
38168000	9.55964e-05
38172000	9.55964e-05
38176000	8.69873e-05
38180000	8.69873e-05
38184000	8.78336e-05
38188000	8.78336e-05
38192000	8.69579e-05
38196000	8.69579e-05
38200000	9.06134e-05
38204000	9.06134e-05
38208000	8.51525e-05
38212000	8.51525e-05
38216000	8.67986e-05
38220000	8.67986e-05
38224000	8.56765e-05
38228000	8.56765e-05
38232000	8.38181e-05
38236000	8.38181e-05
38240000	8.18068e-05
38244000	8.18068e-05
38248000	8.81906e-05
38252000	8.81906e-05
38256000	8.3337e-05
38260000	8.3337e-05
38264000	8.71298e-05
38268000	8.71298e-05
38272000	8.3659e-05
38276000	8.3659e-05
38280000	8.53426e-05
38284000	8.53426e-05
38288000	8.63034e-05
38292000	8.63034e-05
38296000	8.69696e-05
38300000	8.69696e-05
38304000	8.54408e-05
38308000	8.54408e-05
38312000	9.38367e-05
38316000	9.38367e-05
38320000	8.66792e-05
38324000	8.66792e-05
38328000	8.51146e-05
38332000	8.51146e-05
38336000	8.8574e-05
38340000	8.8574e-05
38344000	8.89607e-05
38348000	8.89607e-05
38352000	8.59178e-05
38356000	8.59178e-05
38360000	8.17522e-05
38364000	8.17522e-05
38368000	0.0001014
38372000	0.0001014
38376000	8.47638e-05
38380000	8.47638e-05
38384000	8.17818e-05
38388000	8.17818e-05
38392000	8.57621e-05
38396000	8.57621e-05
38400000	8.81453e-05
38404000	8.81453e-05
38408000	8.638e-05
38412000	8.638e-05
38416000	8.2428e-05
38420000	8.2428e-05
38424000	8.32531e-05
38428000	8.32531e-05
38432000	0.000111078
38436000	0.000111078
38440000	8.50907e-05
38444000	8.50907e-05
38448000	0.000103062
38452000	0.000103062
38456000	8.44949e-05
38460000	8.44949e-05
38464000	8.65637e-05
38468000	8.65637e-05
38472000	8.15031e-05
38476000	8.15031e-05
38480000	9.0395e-05
38484000	9.0395e-05
38488000	9.10656e-05
38492000	9.10656e-05
38496000	8.79299e-05
38500000	8.79299e-05
38504000	8.55286e-05
38508000	8.55286e-05
38512000	8.27342e-05
38516000	8.27342e-05
38520000	8.41925e-05
38524000	8.41925e-05
38528000	9.00035e-05
38532000	9.00035e-05
38536000	8.91082e-05
38540000	8.91082e-05
38544000	8.5245e-05
38548000	8.5245e-05
38552000	8.16092e-05
38556000	8.16092e-05
38560000	8.74821e-05
38564000	8.74821e-05
38568000	8.88261e-05
38572000	8.88261e-05
38576000	9.23955e-05
38580000	9.23955e-05
38584000	8.04323e-05
38588000	8.04323e-05
38592000	8.20697e-05
38596000	8.20697e-05
38600000	8.21856e-05
38604000	8.21856e-05
38608000	7.84452e-05
38612000	7.84452e-05
38616000	8.1522e-05
38620000	8.1522e-05
38624000	7.64456e-05
38628000	7.64456e-05
38632000	7.96704e-05
38636000	7.96704e-05
38640000	7.80979e-05
38644000	7.80979e-05
38648000	8.07425e-05
38652000	8.07425e-05
38656000	8.21131e-05
38660000	8.21131e-05
38664000	8.4305e-05
38668000	8.4305e-05
38672000	7.99822e-05
38676000	7.99822e-05
38680000	8.38749e-05
38684000	8.38749e-05
38688000	8.10754e-05
38692000	8.10754e-05
38696000	8.81461e-05
38700000	8.81461e-05
38704000	8.21277e-05
38708000	8.21277e-05
38712000	9.5045e-05
38716000	9.5045e-05
38720000	8.91919e-05
38724000	8.91919e-05
38728000	9.31107e-05
38732000	9.31107e-05
38736000	8.95978e-05
38740000	8.95978e-05
38744000	8.93459e-05
38748000	8.93459e-05
38752000	9.6324e-05
38756000	9.6324e-05
38760000	8.8208e-05
38764000	8.8208e-05
38768000	9.99649e-05
38772000	9.99649e-05
38776000	8.27254e-05
38780000	8.27254e-05
38784000	8.03705e-05
38788000	8.03705e-05
38792000	7.95329e-05
38796000	7.95329e-05
38800000	8.03324e-05
38804000	8.03324e-05
38808000	8.44427e-05
38812000	8.44427e-05
38816000	8.58822e-05
38820000	8.58822e-05
38824000	7.40878e-05
38828000	7.40878e-05
38832000	8.17464e-05
38836000	8.17464e-05
38840000	7.31575e-05
38844000	7.31575e-05
38848000	8.29295e-05
38852000	8.29295e-05
38856000	7.49188e-05
38860000	7.49188e-05
38864000	9.26712e-05
38868000	9.26712e-05
38872000	7.32945e-05
38876000	7.32945e-05
38880000	7.93866e-05
38884000	7.93866e-05
38888000	7.42495e-05
38892000	7.42495e-05
38896000	7.53382e-05
38900000	7.53382e-05
38904000	7.58997e-05
38908000	7.58997e-05
38912000	7.07279e-05
38916000	7.07279e-05
38920000	7.28129e-05
38924000	7.28129e-05
38928000	6.2717e-05
38932000	6.2717e-05
38936000	6.42066e-05
38940000	6.42066e-05
38944000	6.77449e-05
38948000	6.77449e-05
38952000	6.89495e-05
38956000	6.89495e-05
38960000	7.07465e-05
38964000	7.07465e-05
38968000	7.2443e-05
38972000	7.2443e-05
38976000	6.43222e-05
38980000	6.43222e-05
38984000	6.66515e-05
38988000	6.66515e-05
38992000	7.80846e-05
38996000	7.80846e-05
39000000	6.78394e-05
39004000	6.78394e-05
39008000	7.63599e-05
39012000	7.63599e-05
39016000	6.29373e-05
39020000	6.29373e-05
39024000	6.31034e-05
39028000	6.31034e-05
39032000	6.35496e-05
39036000	6.35496e-05
39040000	6.27665e-05
39044000	6.27665e-05
39048000	7.74826e-05
39052000	7.74826e-05
39056000	6.44784e-05
39060000	6.44784e-05
39064000	6.27567e-05
39068000	6.27567e-05
39072000	6.30005e-05
39076000	6.30005e-05
39080000	6.31353e-05
39084000	6.31353e-05
39088000	7.04793e-05
39092000	7.04793e-05
39096000	8.19256e-05
39100000	8.19256e-05
39104000	6.74491e-05
39108000	6.74491e-05
39112000	5.99895e-05
39116000	5.99895e-05
39120000	5.67547e-05
39124000	5.67547e-05
39128000	5.9943e-05
39132000	5.9943e-05
39136000	6.66814e-05
39140000	6.66814e-05
39144000	5.96242e-05
39148000	5.96242e-05
39152000	5.8473e-05
39156000	5.8473e-05
39160000	8.00333e-05
39164000	8.00333e-05
39168000	6.5575e-05
39172000	6.5575e-05
39176000	6.3314e-05
39180000	6.3314e-05
39184000	6.77532e-05
39188000	6.77532e-05
39192000	6.34122e-05
39196000	6.34122e-05
39200000	6.35336e-05
39204000	6.35336e-05
39208000	5.9753e-05
39212000	5.9753e-05
39216000	6.03082e-05
39220000	6.03082e-05
39224000	6.33042e-05
39228000	6.33042e-05
39232000	6.25709e-05
39236000	6.25709e-05
39240000	6.21004e-05
39244000	6.21004e-05
39248000	7.12716e-05
39252000	7.12716e-05
39256000	6.82536e-05
39260000	6.82536e-05
39264000	6.48324e-05
39268000	6.48324e-05
39272000	5.93054e-05
39276000	5.93054e-05
39280000	6.06921e-05
39284000	6.06921e-05
39288000	6.64803e-05
39292000	6.64803e-05
39296000	6.22717e-05
39300000	6.22717e-05
39304000	6.33609e-05
39308000	6.33609e-05
39312000	6.7827e-05
39316000	6.7827e-05
39320000	7.01159e-05
39324000	7.01159e-05
39328000	6.27881e-05
39332000	6.27881e-05
39336000	6.36662e-05
39340000	6.36662e-05
39344000	6.76156e-05
39348000	6.76156e-05
39352000	6.1908e-05
39356000	6.1908e-05
39360000	7.15501e-05
39364000	7.15501e-05
39368000	7.48578e-05
39372000	7.48578e-05
39376000	6.96914e-05
39380000	6.96914e-05
