41580000	1.14925
41584000	1.16078
41588000	1.16059
41592000	1.15814
41596000	1.15411
41600000	1.15167
41604000	1.14785
41608000	1.14542
41612000	1.13447
41616000	1.13206
41620000	1.10691
41624000	1.10457
41628000	1.0938
41632000	1.09153
41636000	1.09495
41640000	1.09275
41644000	1.09918
41648000	1.09707
41652000	1.0989
41656000	1.09686
41660000	1.09284
41664000	1.09087
41668000	1.08059
41672000	1.07868
41676000	1.06478
41680000	1.06292
41684000	1.05037
41688000	1.04855
41692000	1.03391
41696000	1.03212
41700000	1.01662
41704000	1.01485
41708000	1.00181
41712000	1.00007
41716000	0.986887
41720000	0.985166
41724000	0.970511
41728000	0.968809
41732000	0.956969
41736000	0.955291
41740000	0.943555
41744000	0.941902
41748000	0.933948
41752000	0.932327
41756000	0.92247
41760000	0.920878
41764000	0.910152
41768000	0.908585
41772000	0.902002
41776000	0.900469
41780000	0.892334
41784000	0.89083
41788000	0.884016
41792000	0.882544
41796000	0.877125
41800000	0.875686
41804000	0.870099
41808000	0.868694
41812000	0.86189
41816000	0.860514
41820000	0.855182
41824000	0.853838
41828000	0.849051
41832000	0.84774
41836000	0.843154
41840000	0.841877
41844000	0.837198
41848000	0.835952
41852000	0.832878
41856000	0.831668
41860000	0.828145
41864000	0.82697
41868000	0.823716
41872000	0.822574
41876000	0.820684
41880000	0.81958
41884000	0.817443
41888000	0.816375
41892000	0.81431
41896000	0.813278
41900000	0.811987
41904000	0.810992
41908000	0.809917
41912000	0.808959
41916000	0.806753
41920000	0.805829
41924000	0.805863
41928000	0.804978
41932000	0.804203
41936000	0.803355
41940000	0.802522
41944000	0.801709
41948000	0.801797
41952000	0.801022
41956000	0.801127
41960000	0.800389
41964000	0.801758
41968000	0.801058
41972000	0.801518
41976000	0.800853
41980000	0.802083
41984000	0.801456
41988000	0.80309
41992000	0.8025
41996000	0.803634
42000000	0.803078
42004000	0.80543
42008000	0.804912
42012000	0.805413
42016000	0.804928
42020000	0.807114
42024000	0.806665
42028000	0.809417
42032000	0.809004
42036000	0.811263
42040000	0.810885
42044000	0.81401
42048000	0.813667
42052000	0.816633
42056000	0.816325
42060000	0.819364
42064000	0.819089
42068000	0.821794
42072000	0.821551
42076000	0.824783
42080000	0.824572
42084000	0.82729
42088000	0.827109
42092000	0.83102
42096000	0.830871
42100000	0.833656
42104000	0.833536
42108000	0.837461
42112000	0.837372
42116000	0.841599
42120000	0.841541
42124000	0.845466
42128000	0.845437
42132000	0.85087
42136000	0.850873
42140000	0.854891
42144000	0.854922
42148000	0.858939
42152000	0.858998
42156000	0.864385
42160000	0.864473
42164000	0.86848
42168000	0.868593
42172000	0.873858
42176000	0.873997
42180000	0.878383
42184000	0.878547
42188000	0.882427
42192000	0.882614
42196000	0.887881
42200000	0.888093
42204000	0.891777
42208000	0.89201
42212000	0.896231
42216000	0.896486
42220000	0.901826
42224000	0.902105
42228000	0.907201
42232000	0.907501
42236000	0.910641
42240000	0.910959
42244000	0.91616
42248000	0.916499
42252000	0.919675
42256000	0.920033
42260000	0.925361
42264000	0.925737
42268000	0.928849
42272000	0.929242
42276000	0.933643
42280000	0.934053
42284000	0.938223
42288000	0.938649
42292000	0.943808
42296000	0.94425
42300000	0.946911
42304000	0.947368
42308000	0.950486
42312000	0.950956
42316000	0.954322
42320000	0.954805
42324000	0.95817
42328000	0.958665
42332000	0.962149
42336000	0.962656
42340000	0.966042
42344000	0.96656
42348000	0.96989
42352000	0.970419
42356000	0.973196
42360000	0.973735
42364000	0.976279
42368000	0.976827
42372000	0.979024
42376000	0.97958
42380000	0.981354
42384000	0.981917
42388000	0.98523
42392000	0.985801
42396000	0.986605
42400000	0.987182
42404000	0.990912
42408000	0.991497
42412000	0.991977
42416000	0.992566
42420000	0.994821
42424000	0.995415
42428000	0.995228
42432000	0.995825
42436000	0.997364
42440000	0.997965
42444000	1.00025
42448000	1.00085
42452000	1.00189
42456000	1.0025
42460000	1.00307
42464000	1.00367
42468000	1.00537
42472000	1.00598
42476000	1.00558
42480000	1.00619
42484000	1.00543
42488000	1.00604
42492000	1.00732
42496000	1.00793
42500000	1.00735
42504000	1.00796
42508000	1.00668
42512000	1.00729
42516000	1.00567
42520000	1.00628
42524000	1.00644
42528000	1.00704
42532000	1.00794
42536000	1.00854
42540000	1.00874
42544000	1.00934
42548000	1.00605
42552000	1.00664
42556000	1.00428
42560000	1.00487
42564000	1.00296
42568000	1.00354
42572000	1.00397
42576000	1.00455
42580000	1.00318
42584000	1.00375
42588000	1.00199
42592000	1.00256
42596000	1.00043
42600000	1.00099
42604000	0.996602
42608000	0.997159
42612000	0.997166
42616000	0.997717
42620000	0.99125
42624000	0.991791
42628000	0.989325
42632000	0.98986
42636000	0.987861
42640000	0.988388
42644000	0.984895
42648000	0.985414
42652000	0.981419
42656000	0.98193
42660000	0.979948
42664000	0.98045
42668000	0.978639
42672000	0.979134
42676000	0.974516
42680000	0.975001
42684000	0.973978
42688000	0.974455
42692000	0.967907
42696000	0.968372
42700000	0.966922
42704000	0.967379
42708000	0.961556
42712000	0.962002
42716000	0.957768
42720000	0.958204
42724000	0.955234
42728000	0.95566
42732000	0.950639
42736000	0.951053
42740000	0.944718
42744000	0.945121
42748000	0.942424
42752000	0.942817
42756000	0.938504
42760000	0.938886
42764000	0.935429
42768000	0.9358
42772000	0.930032
42776000	0.930391
42780000	0.924162
42784000	0.924509
42788000	0.921206
42792000	0.921542
42796000	0.913614
42800000	0.913938
42804000	0.910603
42808000	0.910914
42812000	0.909398
42816000	0.909698
42820000	0.903169
42824000	0.903457
42828000	0.900385
42832000	0.900661
42836000	0.89418
42840000	0.894443
42844000	0.890766
42848000	0.891018
42852000	0.886009
42856000	0.886247
42860000	0.87983
42864000	0.880056
42868000	0.875027
42872000	0.875241
42876000	0.871132
42880000	0.871333
42884000	0.866679
42888000	0.866867
42892000	0.861892
42896000	0.862067
42900000	0.856679
42904000	0.856842
42908000	0.852857
42912000	0.853006
42916000	0.846383
42920000	0.84652
42924000	0.842714
42928000	0.842838
42932000	0.836455
42936000	0.836566
42940000	0.833938
42944000	0.834036
42948000	0.826661
42952000	0.826746
42956000	0.822713
42960000	0.822786
42964000	0.817783
42968000	0.817843
42972000	0.812595
42976000	0.812642
42980000	0.806992
42984000	0.807025
42988000	0.804859
42992000	0.80488
42996000	0.796978
43000000	0.796986
43004000	0.794251
43008000	0.794246
43012000	0.789678
43016000	0.789661
43020000	0.785058
43024000	0.785027
43028000	0.780868
43032000	0.780825
43036000	0.774061
43040000	0.774006
43044000	0.770906
43048000	0.770839
43052000	0.764827
43056000	0.764746
43060000	0.760782
43064000	0.760689
43068000	0.756575
43072000	0.756469
43076000	0.753406
43080000	0.753287
43084000	0.750461
43088000	0.75033
43092000	0.746894
43096000	0.74675
43100000	0.741416
43104000	0.74126
43108000	0.737869
43112000	0.737702
43116000	0.73398
43120000	0.733801
43124000	0.728927
43128000	0.728735
43132000	0.724311
43136000	0.724108
43140000	0.719863
43144000	0.719648
43148000	0.715169
43152000	0.714943
43156000	0.709505
43160000	0.709267
43164000	0.705418
43168000	0.705168
43172000	0.701841
43176000	0.70158
43180000	0.700397
43184000	0.700123
43188000	0.696489
43192000	0.696204
43196000	0.691732
43200000	0.691436
43204000	0.690673
43208000	0.690365
43212000	0.683803
43216000	0.683485
43220000	0.681813
43224000	0.681483
43228000	0.675811
43232000	0.675471
43236000	0.672165
43240000	0.671814
43244000	0.668857
43248000	0.668496
43252000	0.666723
43256000	0.666351
43260000	0.664309
43264000	0.663927
43268000	0.659602
43272000	0.659209
43276000	0.658134
43280000	0.65773
43284000	0.653168
43288000	0.652754
43292000	0.650463
43296000	0.650039
43300000	0.643152
43304000	0.642719
43308000	0.641897
43312000	0.641454
43316000	0.63755
43320000	0.637097
43324000	0.636117
43328000	0.635654
43332000	0.633139
43336000	0.632667
43340000	0.630258
43344000	0.629777
43348000	0.624425
43352000	0.623936
43356000	0.620619
43360000	0.620121
43364000	0.617635
43368000	0.617129
43372000	0.615684
43376000	0.615168
43380000	0.613122
43384000	0.612597
43388000	0.60896
43392000	0.608427
43396000	0.608225
43400000	0.607683
43404000	0.604842
43408000	0.604291
43412000	0.601125
43416000	0.600567
43420000	0.598021
43424000	0.597455
43428000	0.595016
43432000	0.594443
43436000	0.591151
43440000	0.590571
43444000	0.58864
43448000	0.588052
43452000	0.585207
43456000	0.584612
43460000	0.582289
43464000	0.581686
43468000	0.581165
43472000	0.580555
43476000	0.578694
43480000	0.578076
43484000	0.57517
43488000	0.574545
43492000	0.573705
43496000	0.573073
43500000	0.569373
43504000	0.568735
43508000	0.566996
43512000	0.566351
43516000	0.565534
43520000	0.564883
43524000	0.560951
43528000	0.560295
43532000	0.5591
43536000	0.558437
43540000	0.554278
43544000	0.553611
43548000	0.552722
43552000	0.552049
43556000	0.550405
43560000	0.549727
43564000	0.547672
43568000	0.546987
43572000	0.544156
43576000	0.543467
43580000	0.542738
43584000	0.542043
43588000	0.538802
43592000	0.538103
43596000	0.537894
43600000	0.537189
43604000	0.535197
43608000	0.534487
43612000	0.532744
43616000	0.53203
43620000	0.529269
43624000	0.528551
43628000	0.526594
43632000	0.525872
43636000	0.524353
43640000	0.523628
43644000	0.521377
43648000	0.520647
43652000	0.518829
43656000	0.518097
43660000	0.517125
43664000	0.516388
43668000	0.512823
43672000	0.512083
43676000	0.512282
43680000	0.511537
43684000	0.509725
43688000	0.508977
43692000	0.507612
43696000	0.506861
43700000	0.505595
43704000	0.504841
43708000	0.504087
43712000	0.500951
43716000	0.498399
43720000	0.497641
43724000	0.497035
43728000	0.496273
43732000	0.494622
43736000	0.493858
43740000	0.492158
43744000	0.491392
43748000	0.489313
43752000	0.488546
43756000	0.487838
43760000	0.487068
43764000	0.484312
43768000	0.483541
43772000	0.48196
43776000	0.481187
43780000	0.479502
43784000	0.478728
43788000	0.478171
43792000	0.477394
43796000	0.474887
43800000	0.474109
43804000	0.473936
43808000	0.473156
43812000	0.471469
43816000	0.470688
43820000	0.468898
43824000	0.468116
43828000	0.466815
43832000	0.466033
43836000	0.463676
43840000	0.462893
43844000	0.461343
43848000	0.46056
43852000	0.458617
43856000	0.457834
43860000	0.455625
43864000	0.454842
43868000	0.453744
43872000	0.452961
43876000	0.451275
43880000	0.450491
43884000	0.44945
43888000	0.448666
43892000	0.447752
43896000	0.446967
43900000	0.445421
43904000	0.444636
43908000	0.443307
43912000	0.442523
43916000	0.440502
43920000	0.439719
43924000	0.439363
43928000	0.438579
43932000	0.434726
43936000	0.433945
43940000	0.434309
43944000	0.433527
43948000	0.431553
43952000	0.430772
43956000	0.428756
43960000	0.427977
43964000	0.427445
43968000	0.426666
43972000	0.424875
43976000	0.424098
43980000	0.422507
43984000	0.421731
43988000	0.420918
43992000	0.420142
43996000	0.417832
44000000	0.417059
44004000	0.416189
44008000	0.415416
44012000	0.413355
44016000	0.412585
44020000	0.411533
44024000	0.410764
44028000	0.408929
44032000	0.408163
44036000	0.406201
44040000	0.405437
44044000	0.404002
44048000	0.40324
44052000	0.401609
44056000	0.40085
44060000	0.400541
44064000	0.399782
44068000	0.397371
44072000	0.396616
44076000	0.396012
44080000	0.395258
44084000	0.395066
44088000	0.394313
44092000	0.392643
44096000	0.391893
44100000	0.389642
44104000	0.388895
44108000	0.387
44112000	0.386256
44116000	0.384351
44120000	0.383611
44124000	0.38285
44128000	0.382111
44132000	0.380341
44136000	0.379606
44140000	0.378564
44144000	0.377832
44148000	0.375868
44152000	0.375139
44156000	0.373549
44160000	0.372824
44164000	0.371397
44168000	0.370675
44172000	0.369561
44176000	0.368842
44180000	0.367256
44184000	0.36654
44188000	0.365665
44192000	0.364952
44196000	0.362721
44200000	0.362013
44204000	0.359893
44208000	0.359189
44212000	0.358595
44216000	0.357893
44220000	0.355762
44224000	0.355065
44228000	0.354585
44232000	0.353891
44236000	0.351386
44240000	0.350696
44244000	0.349266
44248000	0.34858
44252000	0.346752
44256000	0.346071
44260000	0.344172
44264000	0.343496
44268000	0.342851
44272000	0.342178
44276000	0.341253
44280000	0.340582
44284000	0.339019
44288000	0.338353
44292000	0.336198
44296000	0.335537
44300000	0.335254
44304000	0.334595
44308000	0.332858
44312000	0.332204
44316000	0.3305
44320000	0.32985
44324000	0.328301
44328000	0.327655
44332000	0.326158
44336000	0.325518
44340000	0.323598
44344000	0.322963
44348000	0.321319
44352000	0.320689
44356000	0.319218
44360000	0.318592
44364000	0.316741
44368000	0.31612
44372000	0.314507
44376000	0.313891
44380000	0.313154
44384000	0.312541
44388000	0.311253
44392000	0.310645
44396000	0.308948
44400000	0.308345
44404000	0.307128
44408000	0.306528
44412000	0.30514
44416000	0.304545
44420000	0.302818
44424000	0.302229
44428000	0.301304
44432000	0.300718
44436000	0.298768
44440000	0.298188
44444000	0.296726
44448000	0.296151
44452000	0.294328
44456000	0.293758
44460000	0.292607
44464000	0.292042
44468000	0.290498
44472000	0.289938
44476000	0.288288
44480000	0.287733
44484000	0.286528
44488000	0.285977
44492000	0.284201
44496000	0.283655
44500000	0.282159
44504000	0.281618
44508000	0.280836
44512000	0.280298
44516000	0.278207
44520000	0.277676
44524000	0.276204
44528000	0.275678
44532000	0.274261
44536000	0.27374
44540000	0.271884
44544000	0.271369
44548000	0.269945
44552000	0.269435
44556000	0.268027
44560000	0.267521
44564000	0.266134
44568000	0.265634
44572000	0.264518
44576000	0.264022
44580000	0.263066
44584000	0.262573
44588000	0.260512
44592000	0.260027
44596000	0.258947
44600000	0.258465
44604000	0.25651
44608000	0.256035
44612000	0.254898
44616000	0.254427
44620000	0.252514
44624000	0.252049
44628000	0.250778
44632000	0.250317
44636000	0.248406
44640000	0.247952
44644000	0.246514
44648000	0.246065
44652000	0.244475
44656000	0.244032
44660000	0.242775
44664000	0.242337
44668000	0.241152
44672000	0.240718
44676000	0.239294
44680000	0.238865
44684000	0.237356
44688000	0.236932
44692000	0.235545
44696000	0.235125
44700000	0.233544
44704000	0.23313
44708000	0.23176
44712000	0.23135
44716000	0.229891
44720000	0.229486
44724000	0.227877
44728000	0.227478
44732000	0.226191
44736000	0.225796
44740000	0.224315
44744000	0.223925
44748000	0.222417
44752000	0.222033
44756000	0.220438
44760000	0.220059
44764000	0.218712
44768000	0.218338
44772000	0.217193
44776000	0.216822
44780000	0.215235
44784000	0.21487
44788000	0.213383
44792000	0.213022
44796000	0.211663
44800000	0.211309
44804000	0.210063
44808000	0.209713
44812000	0.20824
44816000	0.207894
44820000	0.20674
44824000	0.206397
44828000	0.204933
44832000	0.204595
44836000	0.203489
44840000	0.203156
44844000	0.201278
44848000	0.200952
44852000	0.199507
44856000	0.199184
44860000	0.197938
44864000	0.19762
44868000	0.196186
44872000	0.195872
44876000	0.194706
44880000	0.194396
44884000	0.192957
44888000	0.192652
44892000	0.191261
44896000	0.19096
44900000	0.189671
44904000	0.189375
44908000	0.187946
44912000	0.187656
44916000	0.186378
44920000	0.18609
44924000	0.184685
44928000	0.184402
44932000	0.183079
44936000	0.182802
44940000	0.181394
44944000	0.18112
44948000	0.179737
44952000	0.179466
44956000	0.178208
44960000	0.177943
44964000	0.17669
44968000	0.176428
44972000	0.175052
44976000	0.174795
44980000	0.1735
44984000	0.173246
44988000	0.172028
44992000	0.171778
44996000	0.170398
45000000	0.170153
45004000	0.168898
45008000	0.168657
45012000	0.167369
45016000	0.167132
45020000	0.165967
45024000	0.165733
45028000	0.16456
45032000	0.164332
45036000	0.163039
45040000	0.162814
45044000	0.161596
45048000	0.161376
45052000	0.160168
45056000	0.159951
45060000	0.15876
45064000	0.158548
45068000	0.157193
45072000	0.156983
45076000	0.155846
45080000	0.15564
45084000	0.154278
45088000	0.154075
45092000	0.152997
45096000	0.152798
45100000	0.151588
45104000	0.151393
45108000	0.150216
45112000	0.150024
45116000	0.148792
45120000	0.148604
45124000	0.147408
45128000	0.147223
45132000	0.146127
45136000	0.145946
45140000	0.144687
45144000	0.144509
45148000	0.143397
45152000	0.143223
45156000	0.141917
45160000	0.141745
45164000	0.140782
45168000	0.140614
45172000	0.139471
45176000	0.139306
45180000	0.138308
45184000	0.138147
45188000	0.137159
45192000	0.137001
45196000	0.135784
45200000	0.135629
45204000	0.134472
45208000	0.13432
45212000	0.133354
45216000	0.133205
45220000	0.132108
45224000	0.131962
45228000	0.130821
45232000	0.130678
45236000	0.129648
45240000	0.129507
45244000	0.128471
45248000	0.128333
45252000	0.127361
45256000	0.127227
45260000	0.126124
45264000	0.125992
45268000	0.125069
45272000	0.124941
45276000	0.123655
45280000	0.123528
45284000	0.122591
45288000	0.122466
45292000	0.121501
45296000	0.121379
45300000	0.12032
45304000	0.120201
45308000	0.119011
45312000	0.118894
45316000	0.117842
45320000	0.117727
45324000	0.116951
45328000	0.116839
45332000	0.115924
45336000	0.115816
45340000	0.114864
45344000	0.114758
45348000	0.113754
45352000	0.11365
45356000	0.112774
45360000	0.112673
45364000	0.111553
45368000	0.111454
45372000	0.110521
45376000	0.110424
45380000	0.109418
45384000	0.109323
45388000	0.108648
45392000	0.108555
45396000	0.107628
45400000	0.107537
45404000	0.106326
45408000	0.106237
45412000	0.10559
45416000	0.105503
45420000	0.104962
45424000	0.104878
45428000	0.103781
45432000	0.103698
45436000	0.102857
45440000	0.102777
45444000	0.101754
45448000	0.101676
45452000	0.100641
45456000	0.100564
45460000	0.0995697
45464000	0.0994947
45468000	0.098715
45472000	0.0986416
45476000	0.0976721
45480000	0.0976006
45484000	0.096639
45488000	0.0965687
45492000	0.0957084
45496000	0.09564
45500000	0.0947211
45504000	0.0946539
45508000	0.0942432
45512000	0.0941785
45516000	0.0934499
45520000	0.0933869
45524000	0.0925019
45528000	0.0924405
45532000	0.0913618
45536000	0.0913013
45540000	0.0905023
45544000	0.0904433
45548000	0.0897696
45552000	0.0897125
45556000	0.0887772
45560000	0.0887213
45564000	0.0884072
45568000	0.0883534
45572000	0.0875352
45576000	0.0874828
45580000	0.0868026
45584000	0.0867516
45588000	0.0860453
45592000	0.0859956
45596000	0.085243
45600000	0.0851946
45604000	0.0843242
45608000	0.0842768
45612000	0.0837068
45616000	0.0836608
45620000	0.0826128
45624000	0.0825675
45628000	0.0820303
45632000	0.0819865
45636000	0.0810715
45640000	0.0810286
45644000	0.0805388
45648000	0.0804972
45652000	0.0800497
45656000	0.0800099
45660000	0.0792027
45664000	0.0791638
45668000	0.0783689
45672000	0.0783308
45676000	0.0775684
45680000	0.0775313
45684000	0.0772242
45688000	0.0771886
45692000	0.076268
45696000	0.0762328
45700000	0.0752746
45704000	0.0752399
45708000	0.0748987
45712000	0.0748655
45716000	0.0740571
45720000	0.0740246
45724000	0.0733618
45728000	0.0733302
45732000	0.0727731
45736000	0.0727423
45740000	0.0719522
45744000	0.0719218
45748000	0.0719354
45752000	0.0719068
45756000	0.070878
45760000	0.0708495
45764000	0.0702301
45768000	0.0702026
45772000	0.0699433
45776000	0.0699169
45780000	0.0689991
45784000	0.068973
45788000	0.0683676
45792000	0.0683421
45796000	0.0676916
45800000	0.0676667
45804000	0.0672255
45808000	0.0672014
45812000	0.0664599
45816000	0.0664362
45820000	0.0659194
45824000	0.0658961
45828000	0.0653909
45832000	0.0653686
45836000	0.0650068
45840000	0.0649851
45844000	0.0640711
45848000	0.0640496
45852000	0.0636976
45856000	0.0636768
45860000	0.0632801
45864000	0.0632599
45868000	0.0627222
45872000	0.0627024
45876000	0.0623455
45880000	0.062326
45884000	0.0619762
45888000	0.0619574
45892000	0.06149
45896000	0.0614716
45900000	0.06097
45904000	0.060952
45908000	0.0605531
45912000	0.0605356
45916000	0.0601903
45920000	0.0601733
45924000	0.0598731
45928000	0.0598565
45932000	0.0590503
45936000	0.0590338
45940000	0.0588891
45944000	0.0588733
45948000	0.0581703
45952000	0.0581546
45956000	0.0574657
45960000	0.05745
45964000	0.0568704
45968000	0.0568547
45972000	0.0562623
45976000	0.0562468
45980000	0.0559381
45984000	0.0559228
45988000	0.055837
45992000	0.055822
45996000	0.0552791
46000000	0.0552642
46004000	0.0550961
46008000	0.0550816
46012000	0.0542318
46016000	0.0542172
46020000	0.0537736
46024000	0.053759
46028000	0.0535799
46032000	0.0535656
46036000	0.0531317
46040000	0.0531176
46044000	0.052883
46048000	0.0528693
46052000	0.0522676
46056000	0.0522538
46060000	0.0519217
46064000	0.051908
46068000	0.0515851
46072000	0.0515713
46076000	0.0507984
46080000	0.0507845
46084000	0.0506921
46088000	0.0506785
46092000	0.0504405
46096000	0.0504268
46100000	0.0502101
46104000	0.0501966
46108000	0.0498549
46112000	0.0498414
46116000	0.0494983
46120000	0.0494845
46124000	0.048914
46128000	0.0489003
46132000	0.048506
46136000	0.0484922
46140000	0.0482098
46144000	0.048196
46148000	0.0480068
46152000	0.047993
46156000	0.0477535
46160000	0.0477398
46164000	0.047317
46168000	0.0473031
46172000	0.0471998
46176000	0.0471858
46180000	0.0467202
46184000	0.0467061
46188000	0.0464485
46192000	0.0464344
46196000	0.0462928
46200000	0.0462785
46204000	0.0457324
46208000	0.045718
46212000	0.0456573
46216000	0.0456428
46220000	0.0454644
46224000	0.0454499
46228000	0.0452398
46232000	0.0452252
46236000	0.0448801
46240000	0.0448653
46244000	0.0444613
46248000	0.0444465
46252000	0.0439353
46256000	0.0439201
46260000	0.0435031
46264000	0.0434876
46268000	0.0436562
46272000	0.0436407
46276000	0.0430693
46280000	0.0430535
46284000	0.0429074
46288000	0.0428914
46292000	0.0427144
46296000	0.0426983
46300000	0.042605
46304000	0.0425886
46308000	0.0424562
46312000	0.0424398
46316000	0.0420494
46320000	0.0420327
46324000	0.042294
46328000	0.0422774
46332000	0.0417764
46336000	0.0417595
46340000	0.0413192
46344000	0.0413019
46348000	0.041023
46352000	0.0410056
46356000	0.0411773
46360000	0.0411597
46364000	0.0408089
46368000	0.0407912
46372000	0.0404297
46376000	0.0404117
46380000	0.0400637
46384000	0.0400453
46388000	0.0399193
46392000	0.0399007
46396000	0.0398663
46400000	0.0398476
46404000	0.0394414
46408000	0.0394223
46412000	0.0393719
46416000	0.0393527
46420000	0.0391679
46424000	0.0391486
46428000	0.0387181
46432000	0.0386983
46436000	0.0385949
46440000	0.038575
46444000	0.0383864
46448000	0.0383662
46452000	0.0379491
46456000	0.0379287
46460000	0.0378308
46464000	0.0378103
46468000	0.0376927
46472000	0.0376718
46476000	0.0374794
46480000	0.0374584
46484000	0.0372007
46488000	0.0371795
46492000	0.0370793
46496000	0.0370577
46500000	0.0368572
46504000	0.0368355
46508000	0.0365326
46512000	0.0365105
46516000	0.0363969
46520000	0.0363748
46524000	0.0358048
46528000	0.0357823
46532000	0.035794
46536000	0.0357714
46540000	0.0355611
46544000	0.0355382
46548000	0.0355734
46552000	0.0355504
46556000	0.0354331
46560000	0.0354099
46564000	0.0353982
46568000	0.0353747
46572000	0.0356178
46576000	0.0355941
46580000	0.0351785
46584000	0.0351547
46588000	0.0350542
46592000	0.0350302
46596000	0.0347619
46600000	0.0347377
46604000	0.0346392
46608000	0.0346146
46612000	0.0344171
46616000	0.0343923
46620000	0.0340887
46624000	0.0340636
46628000	0.0337672
46632000	0.0337421
46636000	0.0337567
46640000	0.0337312
46644000	0.0336037
46648000	0.0335783
46652000	0.0332393
46656000	0.0332136
46660000	0.0333685
46664000	0.0333426
46668000	0.0330912
46672000	0.0330652
46676000	0.0330199
46680000	0.0329936
46684000	0.0328209
46688000	0.0327945
46692000	0.0328713
46696000	0.0328446
46700000	0.0329502
46704000	0.0329234
46708000	0.032567
46712000	0.0325399
46716000	0.0323406
46720000	0.0323134
46724000	0.0319948
46728000	0.0319675
46732000	0.0319574
46736000	0.0319299
46740000	0.0317515
46744000	0.0317239
46748000	0.0314691
46752000	0.0314414
46756000	0.031244
46760000	0.0312162
46764000	0.0313162
46768000	0.0312881
46772000	0.0309952
46776000	0.0309671
46780000	0.0310923
46784000	0.0310639
46788000	0.0311032
46792000	0.0310749
46796000	0.0311406
46800000	0.0311119
46804000	0.0306892
46808000	0.0306603
46812000	0.030645
46816000	0.0306161
46820000	0.0303522
46824000	0.0303233
46828000	0.0304685
46832000	0.0304394
46836000	0.0301172
46840000	0.0300881
46844000	0.030198
46848000	0.0301687
46852000	0.0300143
46856000	0.0299849
46860000	0.0296103
46864000	0.0295811
46868000	0.0296365
46872000	0.029607
46876000	0.0294996
46880000	0.02947
46884000	0.0294635
46888000	0.0294337
46892000	0.0295116
46896000	0.0294816
46900000	0.0293229
46904000	0.029293
46908000	0.0290923
46912000	0.0290623
46916000	0.0292826
46920000	0.0292525
46924000	0.0290812
46928000	0.0290511
46932000	0.0288202
46936000	0.0287899
46940000	0.0289394
46944000	0.0289089
46948000	0.0287209
46952000	0.0286906
46956000	0.0285658
46960000	0.0285354
46964000	0.0284564
46968000	0.0284258
46972000	0.0282961
46976000	0.0282656
46980000	0.028216
46984000	0.0281854
46988000	0.028109
46992000	0.0280783
46996000	0.02802
47000000	0.0279892
47004000	0.0277974
47008000	0.0277668
47012000	0.0278114
47016000	0.0277805
47020000	0.0277064
47024000	0.0276756
47028000	0.0277039
47032000	0.0276733
47036000	0.0274492
47040000	0.0274186
47044000	0.02736
47048000	0.0273294
47052000	0.027222
47056000	0.0271914
47060000	0.0272458
47064000	0.0272149
47068000	0.0270708
47072000	0.0270401
47076000	0.0269725
47080000	0.0269417
47084000	0.0269662
47088000	0.0269352
47092000	0.0269094
47096000	0.0268785
47100000	0.0268896
47104000	0.0268584
47108000	0.0266622
47112000	0.0266313
47116000	0.0267549
47120000	0.0267239
47124000	0.0265296
47128000	0.0264988
47132000	0.0265111
47136000	0.0264803
47140000	0.02646
47144000	0.026429
47148000	0.02629
47152000	0.0262593
47156000	0.0262341
47160000	0.0262035
47164000	0.0262388
47168000	0.0262082
47172000	0.0263895
47176000	0.0263587
47180000	0.026244
47184000	0.0262133
47188000	0.0261938
47192000	0.026163
47196000	0.0260695
47200000	0.0260391
47204000	0.0259535
47208000	0.0259229
47212000	0.0259714
47216000	0.0259406
47220000	0.0258618
47224000	0.0258312
47228000	0.025824
47232000	0.0257934
47236000	0.0256617
47240000	0.0256312
47244000	0.0256552
47248000	0.0256248
47252000	0.0255524
47256000	0.0255218
47260000	0.0255396
47264000	0.0255094
47268000	0.0255266
47272000	0.0254964
47276000	0.0255605
47280000	0.0255303
47284000	0.0253984
47288000	0.025368
47292000	0.0252739
47296000	0.0252438
47300000	0.0252056
47304000	0.0251754
47308000	0.0251088
47312000	0.0250789
47316000	0.0250822
47320000	0.0250523
47324000	0.0249862
47328000	0.0249565
47332000	0.024978
47336000	0.0249482
47340000	0.0249486
47344000	0.0249192
47348000	0.0248908
47352000	0.0248615
47356000	0.0249574
47360000	0.0249282
47364000	0.0248226
47368000	0.0247933
47372000	0.0246992
47376000	0.0246699
47380000	0.0245756
47384000	0.0245463
47388000	0.024566
47392000	0.024537
47396000	0.0245562
47400000	0.0245271
47404000	0.0244147
47408000	0.0243859
47412000	0.0243359
47416000	0.0243072
47420000	0.0242596
47424000	0.0242313
47428000	0.0242239
47432000	0.0241958
47436000	0.0241208
47440000	0.0240923
47444000	0.0240582
47448000	0.0240302
47452000	0.0239261
47456000	0.0238981
47460000	0.0239681
47464000	0.0239402
47468000	0.0238269
47472000	0.0237992
47476000	0.0238103
47480000	0.0237827
47484000	0.0237903
47488000	0.0237628
47492000	0.0237673
47496000	0.0237399
47500000	0.0236853
47504000	0.0236582
47508000	0.0235885
47512000	0.0235615
47516000	0.0234503
47520000	0.0234235
47524000	0.0234364
47528000	0.0234099
47532000	0.0232805
47536000	0.023254
47540000	0.0233338
47544000	0.0233074
47548000	0.0232667
47552000	0.0232403
47556000	0.0231428
47560000	0.0231166
47564000	0.0231162
47568000	0.0230903
47572000	0.0230869
47576000	0.0230608
47580000	0.0230989
47584000	0.0230733
47588000	0.0229641
47592000	0.0229389
47596000	0.0228981
47600000	0.0228728
47604000	0.0227904
47608000	0.0227653
47612000	0.0227108
47616000	0.022686
47620000	0.0227271
47624000	0.0227023
47628000	0.0226106
47632000	0.0225862
47636000	0.022594
47640000	0.0225698
47644000	0.0224943
47648000	0.02247
47652000	0.0224062
47656000	0.0223823
47660000	0.022394
47664000	0.0223703
47668000	0.0223614
47672000	0.0223377
47676000	0.0221325
47680000	0.0221089
47684000	0.0221092
47688000	0.0220858
47692000	0.0220187
47696000	0.0219952
47700000	0.0219673
47704000	0.021944
47708000	0.0219053
47712000	0.0218823
47716000	0.0218295
47720000	0.0218066
47724000	0.0218312
47728000	0.0218085
47732000	0.0218568
47736000	0.0218347
47740000	0.0217651
47744000	0.0217428
47748000	0.0217262
47752000	0.0217041
47756000	0.0216889
47760000	0.0216671
47764000	0.021538
47768000	0.0215163
47772000	0.0215594
47776000	0.0215378
47780000	0.0213847
47784000	0.0213633
47788000	0.0213785
47792000	0.0213573
47796000	0.0212748
47800000	0.0212538
47804000	0.0212533
47808000	0.0212325
47812000	0.0212522
47816000	0.0212316
47820000	0.021209
47824000	0.0211886
47828000	0.0211523
47832000	0.021132
47836000	0.0209375
47840000	0.0209173
47844000	0.0209847
47848000	0.0209647
47852000	0.0209094
47856000	0.0208897
47860000	0.0208001
47864000	0.0207803
47868000	0.0207103
47872000	0.0206909
47876000	0.0206407
47880000	0.0206214
47884000	0.020744
47888000	0.0207252
47892000	0.0206459
47896000	0.0206271
47900000	0.0205788
47904000	0.0205602
47908000	0.0205474
47912000	0.0205287
47916000	0.0204783
47920000	0.02046
47924000	0.0204105
47928000	0.0203922
47932000	0.0204167
47936000	0.0203988
47940000	0.0203354
47944000	0.0203175
47948000	0.0202466
47952000	0.020229
47956000	0.0201889
47960000	0.0201715
47964000	0.0200546
47968000	0.0200373
47972000	0.0201331
47976000	0.0201162
47980000	0.020045
47984000	0.0200284
47988000	0.0199781
47992000	0.0199616
47996000	0.0199101
48000000	0.0198937
48004000	0.0197832
48008000	0.0197671
48012000	0.019715
48016000	0.0196988
48020000	0.0195895
48024000	0.0195736
48028000	0.0196439
48032000	0.0196283
48036000	0.0195028
48040000	0.0194872
48044000	0.0193904
48048000	0.0193751
48052000	0.0193309
48056000	0.0193158
48060000	0.0192523
48064000	0.0192373
48068000	0.019272
48072000	0.0192573
48076000	0.0191635
48080000	0.019149
48084000	0.0191087
48088000	0.0190944
48092000	0.0190917
48096000	0.0190777
48100000	0.019068
48104000	0.0190542
48108000	0.0191316
48112000	0.0191181
48116000	0.0188237
48120000	0.0188101
48124000	0.0189529
48128000	0.0189399
48132000	0.0187021
48136000	0.0186891
48140000	0.0185994
48144000	0.0185865
48148000	0.01866
48152000	0.0186474
48156000	0.0184667
48160000	0.0184542
48164000	0.0183717
48168000	0.0183594
48172000	0.0183228
48176000	0.0183107
48180000	0.0181867
48184000	0.0181747
48188000	0.0182734
48192000	0.0182618
48196000	0.0181513
48200000	0.0181398
48204000	0.0180622
48208000	0.0180509
48212000	0.0180967
48216000	0.0180856
48220000	0.0180095
48224000	0.0179986
48228000	0.0178065
48232000	0.0177955
48236000	0.017779
48240000	0.0177682
48244000	0.0177237
48248000	0.0177133
48252000	0.0176426
48256000	0.0176323
48260000	0.017476
48264000	0.0174658
48268000	0.0176176
48272000	0.0176078
48276000	0.0174525
48280000	0.0174428
48284000	0.017327
48288000	0.0173173
48292000	0.0174892
48296000	0.0174799
48300000	0.0175073
48304000	0.0174983
48308000	0.0172634
48312000	0.0172544
48316000	0.0173087
48320000	0.0173001
48324000	0.0172321
48328000	0.0172237
48332000	0.0170622
48336000	0.0170537
48340000	0.0169983
48344000	0.01699
48348000	0.0168585
48352000	0.0168503
48356000	0.016858
48360000	0.01685
48364000	0.0167977
48368000	0.0167899
48372000	0.0166089
48376000	0.0166011
48380000	0.0168451
48384000	0.0168378
48388000	0.0167253
48392000	0.0167181
48396000	0.0167186
48400000	0.0167115
48404000	0.0164548
48408000	0.0164477
48412000	0.016383
48416000	0.016376
48420000	0.0162423
48424000	0.0162355
48428000	0.0162631
48432000	0.0162565
48436000	0.0161298
48440000	0.0161234
48444000	0.016224
48448000	0.0162177
48452000	0.0160508
48456000	0.0160445
48460000	0.0161702
48464000	0.0161644
48468000	0.0158549
48472000	0.0158488
48476000	0.0158425
48480000	0.0158367
48484000	0.0158084
48488000	0.0158027
48492000	0.0156803
48496000	0.0156747
48500000	0.0156007
48504000	0.0155953
48508000	0.0156222
48512000	0.015617
48516000	0.015576
48520000	0.0155709
48524000	0.0156313
48528000	0.0156264
48532000	0.015411
48536000	0.0154061
48540000	0.0153644
48544000	0.0153597
48548000	0.0152824
48552000	0.0152777
48556000	0.0150933
48560000	0.0150887
48564000	0.015381
48568000	0.0153767
48572000	0.0152784
48576000	0.0152743
48580000	0.0150375
48584000	0.0150333
48588000	0.0150507
48592000	0.0150466
48596000	0.0149567
48600000	0.0149528
48604000	0.0148577
48608000	0.0148538
48612000	0.0149608
48616000	0.0149572
48620000	0.0148678
48624000	0.0148643
48628000	0.0146973
48632000	0.0146938
48636000	0.0147765
48640000	0.0147732
48644000	0.0147776
48648000	0.0147744
48652000	0.0146627
48656000	0.0146596
48660000	0.0146174
48664000	0.0146144
48668000	0.0144913
48672000	0.0144883
48676000	0.0145061
48680000	0.0145032
48684000	0.0144871
48688000	0.0144844
48692000	0.0144779
48696000	0.0144753
48700000	0.0144425
48704000	0.0144399
48708000	0.0142635
48712000	0.014261
48716000	0.0142575
48720000	0.0142551
48724000	0.0140987
48728000	0.0140963
48732000	0.0141467
48736000	0.0141444
48740000	0.0142342
48744000	0.0142321
48748000	0.0140192
48752000	0.0140171
48756000	0.0139738
48760000	0.0139717
48764000	0.0137704
48768000	0.0137683
48772000	0.0137409
48776000	0.0137389
48780000	0.0135695
48784000	0.0135675
48788000	0.0135211
48792000	0.0135191
48796000	0.0134405
48800000	0.0134386
48804000	0.0135651
48808000	0.0135634
48812000	0.0135872
48816000	0.0135855
48820000	0.013663
48824000	0.0136615
48828000	0.0134195
48832000	0.0134179
48836000	0.0135274
48840000	0.0135259
48844000	0.0136041
48848000	0.0136027
48852000	0.0135631
48856000	0.0135617
48860000	0.0132491
48864000	0.0132476
48868000	0.0133543
48872000	0.013353
48876000	0.0131505
48880000	0.0131492
48884000	0.0133748
48888000	0.0133736
48892000	0.0131025
48896000	0.0131013
48900000	0.0129959
48904000	0.0129947
48908000	0.0130509
48912000	0.0130497
48916000	0.0129108
48920000	0.0129096
48924000	0.0127371
48928000	0.0127359
48932000	0.0129135
48936000	0.0129124
48940000	0.0128013
48944000	0.0128002
48948000	0.0129478
48952000	0.0129468
48956000	0.0127589
48960000	0.0127579
48964000	0.012721
48968000	0.01272
48972000	0.0127592
48976000	0.0127583
48980000	0.0127077
48984000	0.0127067
48988000	0.0125097
48992000	0.0125087
48996000	0.0123962
49000000	0.0123952
49004000	0.0122958
49008000	0.0122949
49012000	0.012415
49016000	0.0124141
49020000	0.0123782
49024000	0.0123773
49028000	0.0120963
49032000	0.0120953
49036000	0.0122338
49040000	0.0122329
49044000	0.0120722
49048000	0.0120712
49052000	0.0120929
49056000	0.0120919
49060000	0.0121378
49064000	0.0121369
49068000	0.0120529
49072000	0.0120519
49076000	0.0117844
49080000	0.0117833
49084000	0.0120178
49088000	0.0120168
49092000	0.0117947
49096000	0.0117937
49100000	0.0118137
49104000	0.0118127
49108000	0.0115748
49112000	0.0115737
49116000	0.0117131
49120000	0.0117121
49124000	0.0114475
49128000	0.0114464
49132000	0.0117291
49136000	0.0117281
49140000	0.0116159
49144000	0.0116148
49148000	0.0114036
49152000	0.0114024
49156000	0.0114964
49160000	0.0114953
49164000	0.0112698
49168000	0.0112686
49172000	0.0112634
49176000	0.0112623
49180000	0.0111888
49184000	0.0111875
49188000	0.0112294
49192000	0.0112282
49196000	0.0111931
49200000	0.0111919
49204000	0.0111512
49208000	0.0111499
49212000	0.0110146
49216000	0.0110133
49220000	0.0112381
49224000	0.0112369
49228000	0.0109624
49232000	0.0109611
49236000	0.0109244
49240000	0.0109231
49244000	0.0108694
49248000	0.010868
49252000	0.0109408
49256000	0.0109394
49260000	0.0108088
49264000	0.0108074
49268000	0.0106673
49272000	0.0106658
49276000	0.0105662
49280000	0.0105647
49284000	0.0105402
49288000	0.0105386
49292000	0.010534
49296000	0.0105325
49300000	0.0106498
49304000	0.0106483
49308000	0.0106784
49312000	0.0106768
49316000	0.0105637
49320000	0.010562
49324000	0.0105124
49328000	0.0105108
49332000	0.0104823
49336000	0.0104806
49340000	0.0104018
49344000	0.0104001
49348000	0.0103797
49352000	0.0103779
49356000	0.00995217
49360000	0.00995031
49364000	0.0100796
49368000	0.0100777
49372000	0.00990877
49376000	0.00990686
49380000	0.00998493
49384000	0.00998299
49388000	0.0100497
49392000	0.0100477
49396000	0.00980634
49400000	0.00980434
49404000	0.00982515
49408000	0.00982311
49412000	0.0100326
49416000	0.0100306
49420000	0.0101122
49424000	0.0101101
49428000	0.00997393
49432000	0.00997181
49436000	0.00984949
49440000	0.00984733
49444000	0.00962394
49448000	0.00962172
49452000	0.00942125
49456000	0.00941899
49460000	0.00939625
49464000	0.00939395
49468000	0.00936591
49472000	0.00936359
49476000	0.00941149
49480000	0.00940913
49484000	0.00936452
49488000	0.00936213
49492000	0.00944365
49496000	0.00944122
49500000	0.00926697
49504000	0.00926449
49508000	0.00917689
49512000	0.00917438
49516000	0.0092524
49520000	0.00924986
49524000	0.00907471
49528000	0.00907212
49532000	0.00917115
49536000	0.00916853
49540000	0.0090634
49544000	0.00906074
49548000	0.00899077
49552000	0.00898806
49556000	0.00910626
49560000	0.0091035
49564000	0.00881979
49568000	0.00881699
49572000	0.00902231
49576000	0.00901948
49580000	0.00882975
49584000	0.00882688
49588000	0.00882932
49592000	0.0088264
49596000	0.00890706
49600000	0.00890409
49604000	0.00869969
49608000	0.0086967
49612000	0.00863511
49616000	0.00863207
49620000	0.0086433
49624000	0.00864022
49628000	0.00872353
49632000	0.00872041
49636000	0.00863899
49640000	0.00863583
49644000	0.00869703
49648000	0.00869382
49652000	0.00856763
49656000	0.00856438
49660000	0.00853316
49664000	0.00852987
49668000	0.00845335
49672000	0.00845002
49676000	0.00829503
49680000	0.00829167
49684000	0.00831323
49688000	0.00830982
49692000	0.00813475
49696000	0.00813131
49700000	0.00821349
49704000	0.00820999
49708000	0.00819685
49712000	0.00819332
49716000	0.00811884
49720000	0.00811524
49724000	0.00842763
49728000	0.00842397
49732000	0.00806843
49736000	0.00806476
49740000	0.00822847
49744000	0.00822473
49748000	0.00824021
49752000	0.00823642
49756000	0.00799089
49760000	0.00798708
49764000	0.00821016
49768000	0.00820629
49772000	0.00800994
49776000	0.00800603
49780000	0.00797301
49784000	0.00796906
49788000	0.00810997
49792000	0.00810592
49796000	0.00822988
49800000	0.00822577
49804000	0.00784354
49808000	0.00783944
49812000	0.0079518
49816000	0.00794762
49820000	0.00782829
49824000	0.0078241
49828000	0.00780369
49832000	0.00779944
49836000	0.00785161
49840000	0.00784731
49844000	0.00782366
49848000	0.0078193
49852000	0.00789816
49856000	0.00789373
49860000	0.00772846
49864000	0.00772402
49868000	0.00787095
49872000	0.0078664
49876000	0.00775838
49880000	0.00775382
49884000	0.00757698
49888000	0.0075724
49892000	0.00757724
49896000	0.00757262
49900000	0.00769665
49904000	0.00769194
49908000	0.00764731
49912000	0.00764255
49916000	0.00746538
49920000	0.00746062
49924000	0.00738771
49928000	0.00738289
49932000	0.0074868
49936000	0.00748193
49940000	0.00739126
49944000	0.00738634
49948000	0.0074836
49952000	0.00747859
49956000	0.00773663
49960000	0.00773149
49964000	0.00745388
49968000	0.00744876
49972000	0.00749277
49976000	0.0074876
49980000	0.00727316
49984000	0.00726797
49988000	0.00735308
49992000	0.00734781
49996000	0.00725365
50000000	0.00724836
50004000	0.00720868
50008000	0.00720334
50012000	0.00716465
50016000	0.00715926
50020000	0.00705756
50024000	0.00705217
50028000	0.00709133
50032000	0.00708585
50036000	0.00711305
50040000	0.00710752
50044000	0.00696134
50048000	0.00695579
50052000	0.00706025
50056000	0.00705462
50060000	0.00703818
50064000	0.00703252
50068000	0.00711262
50072000	0.00710689
50076000	0.00701182
50080000	0.00700608
50084000	0.00697837
50088000	0.00697258
50092000	0.00688607
50096000	0.00688025
50100000	0.00706161
50104000	0.00705569
50108000	0.00704612
50112000	0.00704017
50116000	0.00688915
50120000	0.00688315
50124000	0.00677949
50128000	0.00677348
50132000	0.00676876
50136000	0.00676273
50140000	0.00664809
50144000	0.00664208
50148000	0.00661882
50152000	0.00661271
50156000	0.0066691
50160000	0.00666295
50164000	0.00664053
50168000	0.00663432
50172000	0.00684506
50176000	0.00683876
50180000	0.00676158
50184000	0.00675524
50188000	0.00671626
50192000	0.00670986
50196000	0.00671589
50200000	0.00670943
50204000	0.00657087
50208000	0.00656443
50212000	0.00669045
50216000	0.0066839
50220000	0.00651708
50224000	0.00651062
50228000	0.00654459
50232000	0.00653801
50236000	0.0063804
50240000	0.00637385
50244000	0.00645008
50248000	0.00644346
50252000	0.0063387
50256000	0.00633208
50260000	0.00634547
50264000	0.00633877
50268000	0.0063688
50272000	0.00636212
50276000	0.00635453
50280000	0.00634778
50284000	0.00626698
50288000	0.0062602
50292000	0.00629091
50296000	0.00628403
50300000	0.00624209
50304000	0.00623522
50308000	0.0063755
50312000	0.00636853
50316000	0.00623944
50320000	0.00623244
50324000	0.00614309
50328000	0.00613612
50332000	0.0062836
50336000	0.0062765
50340000	0.00602408
50344000	0.00601707
50348000	0.00598873
50352000	0.00598173
50356000	0.00597563
50360000	0.00596858
50364000	0.00581635
50368000	0.00580938
50372000	0.00597557
50376000	0.00596843
50380000	0.005979
50384000	0.00597184
50388000	0.00598983
50392000	0.00598259
50396000	0.00606873
50400000	0.00606146
50404000	0.00596829
50408000	0.00596101
50412000	0.00593055
50416000	0.00592322
50420000	0.00593281
50424000	0.00592547
50428000	0.00595565
50432000	0.00594822
50436000	0.00581532
50440000	0.00580797
50444000	0.00583987
50448000	0.00583245
50452000	0.00583471
50456000	0.00582728
50460000	0.00579856
50464000	0.00579104
50468000	0.00574981
50472000	0.0057423
50476000	0.00567832
50480000	0.0056708
50484000	0.00571336
50488000	0.00570582
50492000	0.00581555
50496000	0.00580789
50500000	0.00582802
50504000	0.0058203
50508000	0.00567981
50512000	0.0056721
50516000	0.00568747
50520000	0.00567977
50524000	0.00567248
50528000	0.00566474
50532000	0.00563569
50536000	0.00562795
50540000	0.00559298
50544000	0.00558525
50548000	0.00561062
50552000	0.00560283
50556000	0.00560191
50560000	0.00559406
50564000	0.00540254
50568000	0.00539484
50572000	0.00551636
50576000	0.00550855
50580000	0.00535795
50584000	0.00535023
50588000	0.00547635
50592000	0.00546852
50596000	0.00553653
50600000	0.00552865
50604000	0.00544395
50608000	0.00543625
50612000	0.00533897
50616000	0.00533131
50620000	0.00532789
50624000	0.00532018
50628000	0.00534227
50632000	0.00533458
50636000	0.00522087
50640000	0.00521315
50644000	0.00522388
50648000	0.00521621
50652000	0.0052104
50656000	0.00520273
50660000	0.00522152
50664000	0.00521385
50668000	0.00516344
50672000	0.00515586
50676000	0.00516931
50680000	0.00516158
50684000	0.00523036
50688000	0.00522259
50692000	0.00528447
50696000	0.00527671
50700000	0.00523342
50704000	0.00522566
50708000	0.0051505
50712000	0.0051428
50716000	0.00509484
50720000	0.00508716
50724000	0.00508154
50728000	0.00507387
50732000	0.00505475
50736000	0.00504718
50740000	0.00511516
50744000	0.00510756
50748000	0.00493332
50752000	0.00492582
50756000	0.00489273
50760000	0.0048852
50764000	0.00476453
50768000	0.00475712
50772000	0.00480964
50776000	0.00480216
50780000	0.0048029
50784000	0.00479548
50788000	0.00474679
50792000	0.00473936
50796000	0.00476781
50800000	0.0047605
50804000	0.00471079
50808000	0.0047035
50812000	0.00487157
50816000	0.00486408
50820000	0.00476901
50824000	0.00476157
50828000	0.0047417
50832000	0.00473431
50836000	0.0047058
50840000	0.00469847
50844000	0.00468302
50848000	0.00467582
50852000	0.00462893
50856000	0.00462179
50860000	0.00468779
50864000	0.00468053
50868000	0.00451474
50872000	0.00450767
50876000	0.00458592
50880000	0.00457885
50884000	0.00451572
50888000	0.00450877
50892000	0.00445776
50896000	0.00445086
50900000	0.00445316
50904000	0.00444625
50908000	0.00443817
50912000	0.00443141
50916000	0.0043368
50920000	0.00433005
50924000	0.004393
50928000	0.00438611
50932000	0.00440237
50936000	0.00439553
50940000	0.00437401
50944000	0.00436725
50948000	0.00430955
50952000	0.00430284
50956000	0.00419166
50960000	0.00418515
50964000	0.00430092
50968000	0.00429423
50972000	0.00427672
50976000	0.00427016
50980000	0.0042299
50984000	0.00422343
50988000	0.00420932
50992000	0.00420286
50996000	0.00424574
51000000	0.00423926
51004000	0.00407838
51008000	0.00407205
51012000	0.00408998
51016000	0.00408366
51020000	0.0040677
51024000	0.00406138
51028000	0.00406828
51032000	0.00406204
51036000	0.0040558
51040000	0.00402679
51044000	0.00399961
51048000	0.00399345
51052000	0.00392641
51056000	0.00392042
51060000	0.00395572
51064000	0.0039496
51068000	0.0039303
51072000	0.00392431
51076000	0.00398412
51080000	0.00397809
51084000	0.00398838
51088000	0.00398246
51092000	0.00396193
51096000	0.00395604
51100000	0.00391377
51104000	0.00390793
51108000	0.00395725
51112000	0.00395142
51116000	0.00389225
51120000	0.00388642
51124000	0.00380669
51128000	0.003801
51132000	0.00386211
51136000	0.00385644
51140000	0.00379511
51144000	0.0037896
51148000	0.0037448
51152000	0.00373936
51156000	0.00371491
51160000	0.00370958
51164000	0.00367517
51168000	0.00366981
51172000	0.00368359
51176000	0.0036783
51180000	0.00370816
51184000	0.00370298
51188000	0.0038332
51192000	0.00382797
51196000	0.00374535
51200000	0.00374006
51204000	0.00364735
51208000	0.00364218
51212000	0.00358961
51216000	0.00358454
51220000	0.00364387
51224000	0.00363883
51228000	0.00358584
51232000	0.00358082
51236000	0.00360216
51240000	0.00359716
51244000	0.00373716
51248000	0.00373212
51252000	0.00357792
51256000	0.00357294
51260000	0.00360981
51264000	0.00360494
51268000	0.00353824
51272000	0.00353348
51276000	0.00350028
51280000	0.00349568
51284000	0.00354056
51288000	0.0035358
51292000	0.00345524
51296000	0.0034507
51300000	0.00343383
51304000	0.00342933
51308000	0.00345293
51312000	0.00344846
51316000	0.00341855
51320000	0.00341417
51324000	0.00341131
51328000	0.00340697
51332000	0.00340436
51336000	0.00340003
51340000	0.00344302
51344000	0.00343881
51348000	0.00345378
51352000	0.00344953
51356000	0.00343559
51360000	0.00343144
51364000	0.0033911
51368000	0.00338694
51372000	0.00339357
51376000	0.00338949
51380000	0.00330412
51384000	0.00329997
51388000	0.003376
51392000	0.00337201
51396000	0.00336763
51400000	0.00336377
51404000	0.00332404
51408000	0.00332017
51412000	0.00328296
51416000	0.00327916
51420000	0.00333417
51424000	0.00333045
51428000	0.00325863
51432000	0.00325497
51436000	0.00326218
51440000	0.00325856
51444000	0.00326008
51448000	0.00325659
51452000	0.00329484
51456000	0.0032912
51460000	0.00323466
51464000	0.00323114
51468000	0.0032284
51472000	0.00322495
51476000	0.00326702
51480000	0.00326356
51484000	0.00317366
51488000	0.00317017
51492000	0.0031894
51496000	0.00318605
51500000	0.00317981
51504000	0.00317648
51508000	0.00317379
51512000	0.00317048
51516000	0.00321625
51520000	0.00321292
51524000	0.00315125
51528000	0.00314795
51532000	0.00326992
51536000	0.00326685
51540000	0.003145
51544000	0.00314197
51548000	0.00310417
51552000	0.00310121
51556000	0.00308434
51560000	0.00308142
51564000	0.00307441
51568000	0.00307145
51572000	0.00320876
51576000	0.00320605
51580000	0.00319379
51584000	0.00319099
51588000	0.00316437
51592000	0.00316153
51596000	0.00304714
51600000	0.0030443
51604000	0.00308352
51608000	0.00308081
51612000	0.00311231
51616000	0.00310963
51620000	0.00297698
51624000	0.00297426
51628000	0.00297517
51632000	0.00297263
51636000	0.00298735
51640000	0.00298483
51644000	0.00298181
51648000	0.00297937
51652000	0.00297392
51656000	0.00297156
51660000	0.00299878
51664000	0.00299638
51668000	0.00289029
51672000	0.00288799
51676000	0.0029166
51680000	0.00291433
51684000	0.00287061
51688000	0.00286842
51692000	0.00297156
51696000	0.00296948
51700000	0.00295664
51704000	0.0029546
51708000	0.00294085
51712000	0.00293889
51716000	0.00293119
51720000	0.0029291
51724000	0.00293041
51728000	0.00292842
51732000	0.0029477
51736000	0.00294575
51740000	0.00297297
51744000	0.0029711
51748000	0.00291205
51752000	0.00291015
51756000	0.00287487
51760000	0.0028731
51764000	0.00296324
51768000	0.00296157
51772000	0.00288093
51776000	0.00287922
51780000	0.00287769
51784000	0.00287594
51788000	0.0028186
51792000	0.00281692
51796000	0.00285645
51800000	0.00285485
51804000	0.00296147
51808000	0.00296001
51812000	0.00294473
51816000	0.00294331
51820000	0.00291587
51824000	0.00291446
51828000	0.0028597
51832000	0.00285835
51836000	0.00289395
51840000	0.00289252
51844000	0.00291634
51848000	0.00291505
51852000	0.00286346
51856000	0.00286211
51860000	0.00282292
51864000	0.00282166
51868000	0.00286373
51872000	0.00286248
51876000	0.00289563
51880000	0.00289456
51884000	0.00287159
51888000	0.00287044
51892000	0.00280985
51896000	0.00280874
51900000	0.00277919
51904000	0.00277805
51908000	0.00275529
51912000	0.00275416
51916000	0.00279719
51920000	0.00279612
51924000	0.00274435
51928000	0.00274319
51932000	0.00286989
51936000	0.00286888
51940000	0.0029558
51944000	0.00295493
51948000	0.00290959
51952000	0.00290878
51956000	0.0029838
51960000	0.00298297
51964000	0.00279901
51968000	0.00279821
51972000	0.00297098
51976000	0.00297017
51980000	0.0027727
51984000	0.00277193
51988000	0.00281861
51992000	0.00281786
51996000	0.00272309
52000000	0.00272225
52004000	0.00273712
52008000	0.0027364
52012000	0.00275204
52016000	0.00275131
52020000	0.0026364
52024000	0.00263565
52028000	0.00270677
52032000	0.002706
52036000	0.00267629
52040000	0.00267559
52044000	0.00260258
52048000	0.00260185
52052000	0.00278164
52056000	0.00278103
52060000	0.00270781
52064000	0.00270719
52068000	0.00274545
52072000	0.00274487
52076000	0.00277778
52080000	0.00277719
52084000	0.00279526
52088000	0.0027948
52092000	0.00279538
52096000	0.00279484
52100000	0.00280193
52104000	0.00280149
52108000	0.00272964
52112000	0.0027292
52116000	0.00275213
52120000	0.00275172
52124000	0.00275866
52128000	0.00275831
52132000	0.002797
52136000	0.00279666
52140000	0.00264656
52144000	0.00264623
52148000	0.00268925
52152000	0.00268896
52156000	0.00268853
52160000	0.00268824
52164000	0.00265438
52168000	0.00265409
52172000	0.00266503
52176000	0.0026647
52180000	0.00264352
52184000	0.00264317
52188000	0.00260338
52192000	0.00260305
52196000	0.00261658
52200000	0.00261628
52204000	0.00260622
52208000	0.00260604
52212000	0.00259636
52216000	0.00259614
52220000	0.00255963
52224000	0.00255941
52228000	0.0025777
52232000	0.00257753
52236000	0.00264897
52240000	0.00264888
52244000	0.00261473
52248000	0.00261468
52252000	0.00256741
52256000	0.00256727
52260000	0.00262068
52264000	0.00262063
52268000	0.0025369
52272000	0.00253682
52276000	0.00268515
52280000	0.00268517
52284000	0.00271295
52288000	0.00271303
52292000	0.00254073
52296000	0.00254078
52300000	0.00259038
52304000	0.00259033
52308000	0.00253388
52312000	0.00253391
52316000	0.00250323
52320000	0.00250325
52324000	0.00258273
52328000	0.00258282
52332000	0.00241721
52336000	0.0024172
52340000	0.00252916
52344000	0.00252921
52348000	0.00250329
52352000	0.00250337
52356000	0.00249006
52360000	0.00249015
52364000	0.00249658
52368000	0.00249671
52372000	0.00259917
52376000	0.00259935
52380000	0.00256305
52384000	0.00256322
52388000	0.00251018
52392000	0.00251036
52396000	0.00252773
52400000	0.00252799
52404000	0.0024947
52408000	0.00249496
52412000	0.00255838
52416000	0.00255867
52420000	0.00256103
52424000	0.00256127
52428000	0.00252833
52432000	0.00252865
52436000	0.00247262
52440000	0.00247281
52444000	0.002496
52448000	0.00249622
52452000	0.0025295
52456000	0.00252972
52460000	0.00257141
52464000	0.00257173
52468000	0.00271451
52472000	0.00271488
52476000	0.00261961
52480000	0.00262002
52484000	0.00258775
52488000	0.00258813
52492000	0.00265845
52496000	0.00265891
52500000	0.00248879
52504000	0.00248917
52508000	0.00254111
52512000	0.00254153
52516000	0.00261429
52520000	0.00261475
52524000	0.00260213
52528000	0.00260255
52532000	0.00256258
52536000	0.00256302
52540000	0.00258133
52544000	0.00258182
52548000	0.00261183
52552000	0.00261228
52556000	0.00257092
52560000	0.00257136
52564000	0.00254464
52568000	0.00254506
52572000	0.00251081
52576000	0.00251126
52580000	0.00256861
52584000	0.00256909
52588000	0.00257721
52592000	0.00257773
52596000	0.00256685
52600000	0.00256737
52604000	0.00248035
52608000	0.00248084
52612000	0.00251987
52616000	0.00252036
52620000	0.00248036
52624000	0.00248085
52628000	0.00242581
52632000	0.00242623
52636000	0.00245552
52640000	0.00245599
52644000	0.00263778
52648000	0.00263839
52652000	0.00245579
52656000	0.00245633
52660000	0.00256325
52664000	0.00256381
52668000	0.00248305
52672000	0.0024836
52676000	0.00257808
52680000	0.00257867
52684000	0.00250263
52688000	0.00250315
52692000	0.00248636
52696000	0.0024869
52700000	0.00258349
52704000	0.00258404
52708000	0.002583
52712000	0.0025835
52716000	0.00251002
52720000	0.00251056
52724000	0.00258837
52728000	0.00258891
52732000	0.00255677
52736000	0.00255734
52740000	0.00269282
52744000	0.00269341
52748000	0.00251538
52752000	0.00251589
52756000	0.00256428
52760000	0.00256481
52764000	0.00243988
52768000	0.00244038
52772000	0.00268931
52776000	0.00268985
52780000	0.00254401
52784000	0.00254455
52788000	0.00253242
52792000	0.00253292
52796000	0.00239477
52800000	0.00239525
52804000	0.00260116
52808000	0.00260163
52812000	0.0024853
52816000	0.0024858
52820000	0.00251599
52824000	0.00251653
52828000	0.00260598
52832000	0.00260656
52836000	0.00256293
52840000	0.00256344
52844000	0.00254311
52848000	0.00254361
52852000	0.00261968
52856000	0.00262019
52860000	0.00262423
52864000	0.00262478
52868000	0.00255928
52872000	0.00255978
52876000	0.00251026
52880000	0.00251071
52884000	0.00246168
52888000	0.00246213
52892000	0.00256134
52896000	0.00256181
52900000	0.00258047
52904000	0.00258092
52908000	0.00255984
52912000	0.00256027
52916000	0.0026499
52920000	0.00265037
52924000	0.00253747
52928000	0.00253789
52932000	0.00254377
52936000	0.00254417
52940000	0.002506
52944000	0.00250638
52948000	0.00259769
52952000	0.0025981
52956000	0.00252926
52960000	0.00252964
52964000	0.00262845
52968000	0.00262888
52972000	0.00255865
52976000	0.00255904
52980000	0.00247033
52984000	0.00247068
52988000	0.00252744
52992000	0.0025278
52996000	0.00250866
53000000	0.00250902
53004000	0.00245029
53008000	0.00245059
53012000	0.00242381
53016000	0.0024241
53020000	0.00248798
53024000	0.0024883
53028000	0.00245945
53032000	0.00245974
53036000	0.00249946
53040000	0.00249977
53044000	0.00253792
53048000	0.00253819
53052000	0.00257177
53056000	0.00257206
53060000	0.00248814
53064000	0.00248842
53068000	0.00247887
53072000	0.00247915
53076000	0.00264082
53080000	0.00264112
53084000	0.00245248
53088000	0.00245272
53092000	0.00257092
53096000	0.00257116
53100000	0.00242086
53104000	0.00242104
53108000	0.00241485
53112000	0.00241505
53116000	0.00237766
53120000	0.00237787
53124000	0.00240035
53128000	0.00240055
53132000	0.0024045
53136000	0.00240471
53140000	0.00259484
53144000	0.00259506
53148000	0.00239665
53152000	0.00239684
53156000	0.00247693
53160000	0.00247712
53164000	0.00236678
53168000	0.00236694
53172000	0.00225609
53176000	0.00225624
53180000	0.00240571
53184000	0.00240582
53188000	0.00224465
53192000	0.00224478
53196000	0.00219109
53200000	0.00219118
53204000	0.00219391
53208000	0.00219402
53212000	0.00230597
53216000	0.00230611
53220000	0.00226013
53224000	0.00226026
53228000	0.00230631
53232000	0.00230644
53236000	0.0022667
53240000	0.00226679
53244000	0.0023416
53248000	0.00234169
53252000	0.00240451
53256000	0.00240458
53260000	0.00239883
53264000	0.00239892
53268000	0.00235421
53272000	0.00235425
53276000	0.00229272
53280000	0.0022928
53284000	0.0024014
53288000	0.00240147
53292000	0.00231135
53296000	0.00231142
53300000	0.00241907
53304000	0.00241913
53308000	0.00223935
53312000	0.0022394
53316000	0.00233794
53320000	0.00233798
53324000	0.00228704
53328000	0.00228706
53332000	0.00234081
53336000	0.00234083
53340000	0.00225501
53344000	0.00225503
53348000	0.0022976
53352000	0.0022976
53356000	0.00220378
53360000	0.00220378
53364000	0.00228098
53368000	0.00228095
53372000	0.00220452
53376000	0.00220448
53380000	0.00226422
53384000	0.00226417
53388000	0.00217444
53392000	0.00217441
53396000	0.00218307
53400000	0.00218301
53404000	0.00212298
53408000	0.00212291
53412000	0.0020815
53416000	0.00208143
53420000	0.00205656
53424000	0.00205646
53428000	0.00212547
53432000	0.0021254
53436000	0.00235262
53440000	0.00235255
53444000	0.00214841
53448000	0.00214832
53452000	0.00218866
53456000	0.00218856
53460000	0.00224123
53464000	0.00224114
53468000	0.00215468
53472000	0.00215455
53476000	0.00211207
53480000	0.00211194
53484000	0.00215465
53488000	0.00215451
53492000	0.00214343
53496000	0.00214329
53500000	0.00215497
53504000	0.0021548
53508000	0.00219403
53512000	0.00219386
53516000	0.00233092
53520000	0.00233075
53524000	0.00217342
53528000	0.00217321
53532000	0.00213066
53536000	0.00213046
53540000	0.00211562
53544000	0.0021154
53548000	0.00205519
53552000	0.00205496
53556000	0.00204546
53560000	0.00204523
53564000	0.00206628
53568000	0.00206606
53572000	0.00205892
53576000	0.00205867
53580000	0.00205849
53584000	0.00205821
53588000	0.00212514
53592000	0.00212488
53596000	0.00214721
53600000	0.00214692
53604000	0.00217174
53608000	0.00217147
53612000	0.0020851
53616000	0.00208479
53620000	0.00211834
53624000	0.00211803
53628000	0.00219195
53632000	0.0021916
53636000	0.00209277
53640000	0.0020924
53644000	0.00216419
53648000	0.0021638
53652000	0.00207677
53656000	0.00207635
53660000	0.00215482
53664000	0.00215443
53668000	0.00205472
53672000	0.00205431
53676000	0.00204453
53680000	0.00204411
53684000	0.00206847
53688000	0.00206806
53692000	0.00218199
53696000	0.00218155
53700000	0.00214563
53704000	0.00214518
53708000	0.00206031
53712000	0.00205985
53716000	0.00204303
53720000	0.00204254
53724000	0.00203619
53728000	0.00203569
53732000	0.00206595
53736000	0.00206543
53740000	0.00206441
53744000	0.00206386
53748000	0.00207728
53752000	0.00207671
53756000	0.00211549
53760000	0.00211492
53764000	0.00202957
53768000	0.00202898
53772000	0.00225833
53776000	0.00225773
53780000	0.00222013
53784000	0.00221954
53788000	0.0021928
53792000	0.00219216
53796000	0.00213243
53800000	0.00213179
53804000	0.00213026
53808000	0.0021296
53812000	0.00212387
53816000	0.0021232
53820000	0.0021005
53824000	0.00209981
53828000	0.00210617
53832000	0.00210547
53836000	0.0021677
53840000	0.00216699
53844000	0.00213771
53848000	0.00213696
53852000	0.00209939
53856000	0.00209865
53860000	0.00217844
53864000	0.00217767
53868000	0.0021146
53872000	0.0021138
53876000	0.00218488
53880000	0.00218405
53884000	0.00218512
53888000	0.00218428
53892000	0.00208911
53896000	0.00208829
53900000	0.00216417
53904000	0.0021633
53908000	0.00216921
53912000	0.00216834
53916000	0.00209721
53920000	0.00209631
53924000	0.00210702
53928000	0.00210611
53932000	0.00217506
53936000	0.00217413
53940000	0.00228769
53944000	0.00228672
53948000	0.00224719
53952000	0.00224621
53956000	0.00224803
53960000	0.00224702
53964000	0.0022564
53968000	0.00225537
53972000	0.00218048
53976000	0.00217944
53980000	0.0021844
53984000	0.00218336
53988000	0.00213525
53992000	0.00213416
53996000	0.00208548
54000000	0.00208438
54004000	0.00219929
54008000	0.00219814
54012000	0.00219359
54016000	0.00219241
54020000	0.00216328
54024000	0.00216208
54028000	0.00217463
54032000	0.00217341
54036000	0.00215182
54040000	0.00215058
54044000	0.00221598
54048000	0.00221472
54052000	0.00215159
54056000	0.00215031
54060000	0.00217383
54064000	0.00217254
54068000	0.0021348
54072000	0.00213347
54076000	0.00239489
54080000	0.00239351
54084000	0.00236801
54088000	0.00236657
54092000	0.00227219
54096000	0.00227077
54100000	0.00226112
54104000	0.00225967
54108000	0.00231574
54112000	0.00231425
54116000	0.00229411
54120000	0.00229262
54124000	0.00223669
54128000	0.0022352
54132000	0.00225578
54136000	0.00225423
54140000	0.00214283
54144000	0.00214128
54148000	0.0022321
54152000	0.00223048
54156000	0.00213977
54160000	0.00213819
54164000	0.00217775
54168000	0.00217612
54172000	0.00221849
54176000	0.0022168
54180000	0.00216348
54184000	0.0021618
54188000	0.00216876
54192000	0.00216706
54196000	0.00215084
54200000	0.00214912
54204000	0.00217143
54208000	0.0021697
54212000	0.00210497
54216000	0.0021032
54220000	0.00212809
54224000	0.00212629
54228000	0.00233184
54232000	0.00232996
54236000	0.00233452
54240000	0.00233259
54244000	0.00218677
54248000	0.00218486
54252000	0.00228293
54256000	0.00228097
54260000	0.00227552
54264000	0.00227351
54268000	0.00234819
54272000	0.00234616
54276000	0.00227996
54280000	0.0022779
54284000	0.00229732
54288000	0.00229524
54292000	0.00227876
54296000	0.00227668
54300000	0.00229704
54304000	0.00229492
54308000	0.00223528
54312000	0.00223314
54316000	0.00223869
54320000	0.00223653
54324000	0.00230083
54328000	0.00229861
54332000	0.00227693
54336000	0.00227473
54340000	0.00221375
54344000	0.00221151
54348000	0.00222227
54352000	0.00222002
54356000	0.0021891
54360000	0.00218684
54364000	0.00226809
54368000	0.00226577
54372000	0.00222116
54376000	0.00221883
54380000	0.00226153
54384000	0.00225917
54388000	0.00223647
54392000	0.0022341
54396000	0.00229009
54400000	0.00228765
54404000	0.00220342
54408000	0.00220103
54412000	0.00220366
54416000	0.00220123
54420000	0.00217017
54424000	0.00216774
54428000	0.00218587
54432000	0.0021834
54436000	0.00219856
54440000	0.00219606
54444000	0.00219368
54448000	0.00219114
54452000	0.00223571
54456000	0.00223315
54460000	0.00220372
54464000	0.00220122
54468000	0.00226656
54472000	0.00226395
54476000	0.00221963
54480000	0.00221703
54484000	0.0022104
54488000	0.00220778
54492000	0.00224016
54496000	0.00223748
54500000	0.00227608
54504000	0.00227339
54508000	0.00223169
54512000	0.00222903
54516000	0.00237142
54520000	0.00236869
54524000	0.00229376
54528000	0.00229103
54532000	0.00227931
54536000	0.00227655
54540000	0.00218156
54544000	0.00217883
54548000	0.00212251
54552000	0.00211979
54556000	0.00216157
54560000	0.00215883
54564000	0.00211859
54568000	0.00211583
54572000	0.00208938
54576000	0.00208669
54580000	0.00214944
54584000	0.00214667
54588000	0.00206305
54592000	0.00206033
54596000	0.00206962
54600000	0.00206688
54604000	0.00205559
54608000	0.00205285
54612000	0.00207173
54616000	0.00206896
54620000	0.00209258
54624000	0.0020898
54628000	0.00215287
54632000	0.00215002
54636000	0.00215042
54640000	0.00214758
54644000	0.00210884
54648000	0.00210598
54652000	0.00207338
54656000	0.00207055
54660000	0.00208446
54664000	0.0020816
54668000	0.00205904
54672000	0.00205619
54676000	0.00199899
54680000	0.00199616
54684000	0.00201564
54688000	0.00201282
54692000	0.00222055
54696000	0.00221758
54700000	0.00202682
54704000	0.00202395
54708000	0.00200045
54712000	0.00199759
54716000	0.00202306
54720000	0.00202015
54724000	0.0020469
54728000	0.00204397
54732000	0.0019798
54736000	0.00197693
54740000	0.00194711
54744000	0.0019442
54748000	0.00202176
54752000	0.0020188
54756000	0.0020247
54760000	0.0020217
54764000	0.0019354
54768000	0.00193251
54772000	0.00195038
54776000	0.00194747
54780000	0.00191761
54784000	0.00191475
54788000	0.00189846
54792000	0.00189559
54796000	0.00188644
54800000	0.00188357
54804000	0.00189497
54808000	0.00189211
54812000	0.00202254
54816000	0.00201953
54820000	0.00189495
54824000	0.00189206
54828000	0.00190674
54832000	0.00190383
54836000	0.0018847
54840000	0.0018818
54844000	0.00192229
54848000	0.00191939
54852000	0.00185102
54856000	0.00184822
54860000	0.00184296
54864000	0.00184012
54868000	0.00182006
54872000	0.00181725
54876000	0.0018633
54880000	0.00186046
54884000	0.00177781
54888000	0.00177501
54892000	0.00182496
54896000	0.00182215
54900000	0.0017719
54904000	0.00176912
54908000	0.00184944
54912000	0.00184664
54916000	0.0017788
54920000	0.00177602
54924000	0.00175126
54928000	0.00174848
54932000	0.00179872
54936000	0.00179587
54940000	0.00179264
54944000	0.00178987
54948000	0.00179948
54952000	0.00179664
54956000	0.00172656
54960000	0.0017238
54964000	0.00169273
54968000	0.00169003
54972000	0.00173551
54976000	0.00173278
54980000	0.00168304
54984000	0.00168037
54988000	0.00168019
54992000	0.00167758
54996000	0.00175878
55000000	0.00175611
55004000	0.00168768
55008000	0.00168505
55012000	0.00173275
55016000	0.00173011
55020000	0.00168872
55024000	0.00168609
55028000	0.00169281
55032000	0.00169023
55036000	0.00177993
55040000	0.00177727
